0.003148
0.000262
0.000173
0.001068
0.002416
0.000555
0.000000
0.000000
0.000000
0.001900
0.000014
0.000678
0.002414
0.003335
0.000635
0.000000
0.000000
0.000000
0.003459
0.000289
0.000356
0.001562
0.002788
0.000831
0.000000
0.000000
0.000000
0.000441
0.000551
0.001653
0.003911
0.006517
0.000414
0.000000
0.000000
0.000000
0.001900
0.000014
0.000678
0.002414
0.003335
0.000635
0.000000
0.000000
0.000000
0.000102
0.000132
0.000212
0.001892
0.006631
0.000695
0.000000
0.000000
0.000000
0.000441
0.000551
0.001653
0.003911
0.006517
0.000414
0.000000
0.000000
0.000000
0.005319
0.000042
0.000567
0.001080
0.001667
0.000348
0.000000
0.000000
0.000000
0.000102
0.000132
0.000212
0.001892
0.006631
0.000695
0.000000
0.000000
0.000000
0.001311
0.000638
0.000377
0.000752
0.004449
0.001070
0.000000
0.000000
0.000000
0.005319
0.000042
0.000567
0.001080
0.001667
0.000348
0.000000
0.000000
0.000000
0.000380
0.000095
0.000254
0.002397
0.006312
0.000512
0.000000
0.000000
0.000000
0.001311
0.000638
0.000377
0.000752
0.004449
0.001070
0.000000
0.000000
0.000000
0.000207
0.000799
0.002049
0.003044
0.002050
0.000091
0.000000
0.000000
0.000000
0.000380
0.000095
0.000254
0.002397
0.006312
0.000512
0.000000
0.000000
0.000000
0.000237
0.000015
0.000744
0.003037
0.005153
0.000240
0.000000
0.000000
0.000000
0.000207
0.000799
0.002049
0.003044
0.002050
0.000091
0.000000
0.000000
0.000000
0.002208
0.000022
0.000132
0.000759
0.001894
0.000399
0.000000
0.000000
0.000000
0.000237
0.000015
0.000744
0.003037
0.005153
0.000240
0.000000
0.000000
0.000000
0.001613
0.000548
0.000184
0.003470
0.005146
0.000246
0.000000
0.000000
0.000000
0.002208
0.000022
0.000132
0.000759
0.001894
0.000399
0.000000
0.000000
0.000000
0.000883
0.000293
0.000293
0.001861
0.003363
0.000336
0.000000
0.000000
0.000000
0.001613
0.000548
0.000184
0.003470
0.005146
0.000246
0.000000
0.000000
0.000000
0.001666
0.000066
0.000216
0.001650
0.004126
0.000301
0.000000
0.000000
0.000000
0.000883
0.000293
0.000293
0.001861
0.003363
0.000336
0.000000
0.000000
0.000000
0.000760
0.000169
0.000782
0.003102
0.002193
0.000094
0.000000
0.000000
0.000000
0.001666
0.000066
0.000216
0.001650
0.004126
0.000301
0.000000
0.000000
0.000000
0.000913
0.001070
0.001845
0.003917
0.004660
0.000773
0.000000
0.000000
0.000000
0.000760
0.000169
0.000782
0.003102
0.002193
0.000094
0.000000
0.000000
0.000000
0.001161
0.000114
0.000251
0.001378
0.003053
0.000455
0.000000
0.000000
0.000000
0.000913
0.001070
0.001845
0.003917
0.004660
0.000773
0.000000
0.000000
0.000000
0.000733
0.000607
0.002075
0.002864
0.003741
0.000427
0.000000
0.000000
0.000000
0.001161
0.000114
0.000251
0.001378
0.003053
0.000455
0.000000
0.000000
0.000000
0.000644
0.001002
0.000895
0.001169
0.000955
0.000038
0.000000
0.000000
0.000000
0.000733
0.000607
0.002075
0.002864
0.003741
0.000427
0.000000
0.000000
0.000000
0.000606
0.000384
0.001262
0.003664
0.003074
0.000082
0.000000
0.000000
0.000000
0.000644
0.001002
0.000895
0.001169
0.000955
0.000038
0.000000
0.000000
0.000000
0.001396
0.002523
0.000806
0.001548
0.000616
0.000044
0.000000
0.000000
0.000000
0.000606
0.000384
0.001262
0.003664
0.003074
0.000082
0.000000
0.000000
0.000000
0.000657
0.000393
0.000490
0.002253
0.003534
0.000342
0.000000
0.000000
0.000000
0.001396
0.002523
0.000806
0.001548
0.000616
0.000044
0.000000
0.000000
0.000000
0.000149
0.000615
0.000887
0.001600
0.000744
0.000017
0.000000
0.000000
0.000000
0.000657
0.000393
0.000490
0.002253
0.003534
0.000342
0.000000
0.000000
0.000000
0.000609
0.000538
0.000902
0.001781
0.004462
0.000542
0.000000
0.000000
0.000000
0.003459
0.000289
0.000356
0.001562
0.002788
0.000831
0.000000
0.000000
0.000000
0.000441
0.000551
0.001653
0.003911
0.006517
0.000414
0.000000
0.000000
0.000000
0.001282
0.000000
0.000245
0.000794
0.001335
0.000143
0.000000
0.000000
0.000000
0.001384
0.000826
0.001601
0.002564
0.002192
0.000029
0.000000
0.000000
0.000000
0.000441
0.000551
0.001653
0.003911
0.006517
0.000414
0.000000
0.000000
0.000000
0.005319
0.000042
0.000567
0.001080
0.001667
0.000348
0.000000
0.000000
0.000000
0.001384
0.000826
0.001601
0.002564
0.002192
0.000029
0.000000
0.000000
0.000000
0.002363
0.000300
0.000307
0.000252
0.000126
0.000000
0.000000
0.000000
0.000000
0.005319
0.000042
0.000567
0.001080
0.001667
0.000348
0.000000
0.000000
0.000000
0.000380
0.000095
0.000254
0.002397
0.006312
0.000512
0.000000
0.000000
0.000000
0.002363
0.000300
0.000307
0.000252
0.000126
0.000000
0.000000
0.000000
0.000000
0.000482
0.000283
0.000842
0.000598
0.001099
0.000044
0.000000
0.000000
0.000000
0.000380
0.000095
0.000254
0.002397
0.006312
0.000512
0.000000
0.000000
0.000000
0.000237
0.000015
0.000744
0.003037
0.005153
0.000240
0.000000
0.000000
0.000000
0.000482
0.000283
0.000842
0.000598
0.001099
0.000044
0.000000
0.000000
0.000000
0.001591
0.000061
0.000540
0.001103
0.002696
0.000397
0.000000
0.000000
0.000000
0.000237
0.000015
0.000744
0.003037
0.005153
0.000240
0.000000
0.000000
0.000000
0.001613
0.000548
0.000184
0.003470
0.005146
0.000246
0.000000
0.000000
0.000000
0.001591
0.000061
0.000540
0.001103
0.002696
0.000397
0.000000
0.000000
0.000000
0.000852
0.000327
0.000439
0.000914
0.001399
0.000058
0.000000
0.000000
0.000000
0.001613
0.000548
0.000184
0.003470
0.005146
0.000246
0.000000
0.000000
0.000000
0.001666
0.000066
0.000216
0.001650
0.004126
0.000301
0.000000
0.000000
0.000000
0.000852
0.000327
0.000439
0.000914
0.001399
0.000058
0.000000
0.000000
0.000000
0.001310
0.000720
0.001063
0.001655
0.004006
0.000933
0.000000
0.000000
0.000000
0.001666
0.000066
0.000216
0.001650
0.004126
0.000301
0.000000
0.000000
0.000000
0.000913
0.001070
0.001845
0.003917
0.004660
0.000773
0.000000
0.000000
0.000000
0.001310
0.000720
0.001063
0.001655
0.004006
0.000933
0.000000
0.000000
0.000000
0.001948
0.000202
0.000183
0.000387
0.003821
0.001201
0.000000
0.000000
0.000000
0.000913
0.001070
0.001845
0.003917
0.004660
0.000773
0.000000
0.000000
0.000000
0.000733
0.000607
0.002075
0.002864
0.003741
0.000427
0.000000
0.000000
0.000000
0.001948
0.000202
0.000183
0.000387
0.003821
0.001201
0.000000
0.000000
0.000000
0.001075
0.000703
0.000710
0.001580
0.003902
0.000459
0.000000
0.000000
0.000000
0.000733
0.000607
0.002075
0.002864
0.003741
0.000427
0.000000
0.000000
0.000000
0.000606
0.000384
0.001262
0.003664
0.003074
0.000082
0.000000
0.000000
0.000000
0.001075
0.000703
0.000710
0.001580
0.003902
0.000459
0.000000
0.000000
0.000000
0.001154
0.001283
0.001655
0.005250
0.002728
0.000064
0.000000
0.000000
0.000000
0.000606
0.000384
0.001262
0.003664
0.003074
0.000082
0.000000
0.000000
0.000000
0.000657
0.000393
0.000490
0.002253
0.003534
0.000342
0.000000
0.000000
0.000000
0.001154
0.001283
0.001655
0.005250
0.002728
0.000064
0.000000
0.000000
0.000000
0.002519
0.001197
0.001664
0.000783
0.003486
0.000822
0.000000
0.000000
0.000000
0.000657
0.000393
0.000490
0.002253
0.003534
0.000342
0.000000
0.000000
0.000000
0.000609
0.000538
0.000902
0.001781
0.004462
0.000542
0.000000
0.000000
0.000000
0.002519
0.001197
0.001664
0.000783
0.003486
0.000822
0.000000
0.000000
0.000000
0.000708
0.002715
0.001432
0.000871
0.000906
0.000064
0.000000
0.000000
0.000000
0.001282
0.000000
0.000245
0.000794
0.001335
0.000143
0.000000
0.000000
0.000000
0.001384
0.000826
0.001601
0.002564
0.002192
0.000029
0.000000
0.000000
0.000000
0.005596
0.000762
0.000384
0.000671
0.001787
0.000227
0.000000
0.000000
0.000000
0.000412
0.001031
0.002268
0.003357
0.005611
0.000784
0.000000
0.000000
0.000000
0.001384
0.000826
0.001601
0.002564
0.002192
0.000029
0.000000
0.000000
0.000000
0.002363
0.000300
0.000307
0.000252
0.000126
0.000000
0.000000
0.000000
0.000000
0.000412
0.001031
0.002268
0.003357
0.005611
0.000784
0.000000
0.000000
0.000000
0.005342
0.000236
0.000405
0.001528
0.001758
0.000277
0.000000
0.000000
0.000000
0.002363
0.000300
0.000307
0.000252
0.000126
0.000000
0.000000
0.000000
0.000000
0.000482
0.000283
0.000842
0.000598
0.001099
0.000044
0.000000
0.000000
0.000000
0.005342
0.000236
0.000405
0.001528
0.001758
0.000277
0.000000
0.000000
0.000000
0.000718
0.000417
0.000418
0.002474
0.005111
0.000407
0.000000
0.000000
0.000000
0.000482
0.000283
0.000842
0.000598
0.001099
0.000044
0.000000
0.000000
0.000000
0.001591
0.000061
0.000540
0.001103
0.002696
0.000397
0.000000
0.000000
0.000000
0.000718
0.000417
0.000418
0.002474
0.005111
0.000407
0.000000
0.000000
0.000000
0.000938
0.000341
0.000829
0.002889
0.002898
0.000105
0.000000
0.000000
0.000000
0.001591
0.000061
0.000540
0.001103
0.002696
0.000397
0.000000
0.000000
0.000000
0.000852
0.000327
0.000439
0.000914
0.001399
0.000058
0.000000
0.000000
0.000000
0.000938
0.000341
0.000829
0.002889
0.002898
0.000105
0.000000
0.000000
0.000000
0.002363
0.000229
0.000387
0.000726
0.001899
0.000142
0.000000
0.000000
0.000000
0.000852
0.000327
0.000439
0.000914
0.001399
0.000058
0.000000
0.000000
0.000000
0.001310
0.000720
0.001063
0.001655
0.004006
0.000933
0.000000
0.000000
0.000000
0.002363
0.000229
0.000387
0.000726
0.001899
0.000142
0.000000
0.000000
0.000000
0.000639
0.001739
0.002566
0.003135
0.003268
0.000479
0.000000
0.000000
0.000000
0.001310
0.000720
0.001063
0.001655
0.004006
0.000933
0.000000
0.000000
0.000000
0.001948
0.000202
0.000183
0.000387
0.003821
0.001201
0.000000
0.000000
0.000000
0.000639
0.001739
0.002566
0.003135
0.003268
0.000479
0.000000
0.000000
0.000000
0.000953
0.000235
0.000538
0.001950
0.002507
0.000133
0.000000
0.000000
0.000000
0.001948
0.000202
0.000183
0.000387
0.003821
0.001201
0.000000
0.000000
0.000000
0.001075
0.000703
0.000710
0.001580
0.003902
0.000459
0.000000
0.000000
0.000000
0.000953
0.000235
0.000538
0.001950
0.002507
0.000133
0.000000
0.000000
0.000000
0.000479
0.000213
0.000440
0.003032
0.005488
0.000534
0.000000
0.000000
0.000000
0.001075
0.000703
0.000710
0.001580
0.003902
0.000459
0.000000
0.000000
0.000000
0.001154
0.001283
0.001655
0.005250
0.002728
0.000064
0.000000
0.000000
0.000000
0.000479
0.000213
0.000440
0.003032
0.005488
0.000534
0.000000
0.000000
0.000000
0.000624
0.000228
0.001063
0.002329
0.005232
0.000332
0.000000
0.000000
0.000000
0.001154
0.001283
0.001655
0.005250
0.002728
0.000064
0.000000
0.000000
0.000000
0.002519
0.001197
0.001664
0.000783
0.003486
0.000822
0.000000
0.000000
0.000000
0.000624
0.000228
0.001063
0.002329
0.005232
0.000332
0.000000
0.000000
0.000000
0.000651
0.000882
0.002914
0.003329
0.002816
0.000165
0.000000
0.000000
0.000000
0.002519
0.001197
0.001664
0.000783
0.003486
0.000822
0.000000
0.000000
0.000000
0.000708
0.002715
0.001432
0.000871
0.000906
0.000064
0.000000
0.000000
0.000000
0.000651
0.000882
0.002914
0.003329
0.002816
0.000165
0.000000
0.000000
0.000000
0.001793
0.000198
0.000641
0.001297
0.004220
0.000494
0.000000
0.000000
0.000000
0.005596
0.000762
0.000384
0.000671
0.001787
0.000227
0.000000
0.000000
0.000000
0.000412
0.001031
0.002268
0.003357
0.005611
0.000784
0.000000
0.000000
0.000000
0.000191
0.000424
0.000908
0.000279
0.000311
0.000000
0.000000
0.000000
0.000000
0.002975
0.000183
0.000167
0.000815
0.000678
0.000026
0.000000
0.000000
0.000000
0.000412
0.001031
0.002268
0.003357
0.005611
0.000784
0.000000
0.000000
0.000000
0.005342
0.000236
0.000405
0.001528
0.001758
0.000277
0.000000
0.000000
0.000000
0.002975
0.000183
0.000167
0.000815
0.000678
0.000026
0.000000
0.000000
0.000000
0.000399
0.000868
0.001516
0.004061
0.002508
0.000051
0.000000
0.000000
0.000000
0.005342
0.000236
0.000405
0.001528
0.001758
0.000277
0.000000
0.000000
0.000000
0.000718
0.000417
0.000418
0.002474
0.005111
0.000407
0.000000
0.000000
0.000000
0.000399
0.000868
0.001516
0.004061
0.002508
0.000051
0.000000
0.000000
0.000000
0.000552
0.001714
0.001517
0.001921
0.001301
0.000023
0.000000
0.000000
0.000000
0.000718
0.000417
0.000418
0.002474
0.005111
0.000407
0.000000
0.000000
0.000000
0.000938
0.000341
0.000829
0.002889
0.002898
0.000105
0.000000
0.000000
0.000000
0.000552
0.001714
0.001517
0.001921
0.001301
0.000023
0.000000
0.000000
0.000000
0.001095
0.001456
0.001204
0.001586
0.000845
0.000035
0.000000
0.000000
0.000000
0.000938
0.000341
0.000829
0.002889
0.002898
0.000105
0.000000
0.000000
0.000000
0.002363
0.000229
0.000387
0.000726
0.001899
0.000142
0.000000
0.000000
0.000000
0.001095
0.001456
0.001204
0.001586
0.000845
0.000035
0.000000
0.000000
0.000000
0.000883
0.000325
0.000721
0.002737
0.002200
0.000020
0.000000
0.000000
0.000000
0.002363
0.000229
0.000387
0.000726
0.001899
0.000142
0.000000
0.000000
0.000000
0.000639
0.001739
0.002566
0.003135
0.003268
0.000479
0.000000
0.000000
0.000000
0.000883
0.000325
0.000721
0.002737
0.002200
0.000020
0.000000
0.000000
0.000000
0.001118
0.001806
0.001325
0.002492
0.002173
0.000275
0.000000
0.000000
0.000000
0.000639
0.001739
0.002566
0.003135
0.003268
0.000479
0.000000
0.000000
0.000000
0.000953
0.000235
0.000538
0.001950
0.002507
0.000133
0.000000
0.000000
0.000000
0.001118
0.001806
0.001325
0.002492
0.002173
0.000275
0.000000
0.000000
0.000000
0.001212
0.001696
0.002616
0.002252
0.000535
0.000000
0.000000
0.000000
0.000000
0.000953
0.000235
0.000538
0.001950
0.002507
0.000133
0.000000
0.000000
0.000000
0.000479
0.000213
0.000440
0.003032
0.005488
0.000534
0.000000
0.000000
0.000000
0.001212
0.001696
0.002616
0.002252
0.000535
0.000000
0.000000
0.000000
0.000000
0.001634
0.002148
0.000642
0.000854
0.001346
0.000262
0.000000
0.000000
0.000000
0.000479
0.000213
0.000440
0.003032
0.005488
0.000534
0.000000
0.000000
0.000000
0.000624
0.000228
0.001063
0.002329
0.005232
0.000332
0.000000
0.000000
0.000000
0.001634
0.002148
0.000642
0.000854
0.001346
0.000262
0.000000
0.000000
0.000000
0.000782
0.001467
0.002198
0.004578
0.005991
0.000679
0.000000
0.000000
0.000000
0.000624
0.000228
0.001063
0.002329
0.005232
0.000332
0.000000
0.000000
0.000000
0.000651
0.000882
0.002914
0.003329
0.002816
0.000165
0.000000
0.000000
0.000000
0.000782
0.001467
0.002198
0.004578
0.005991
0.000679
0.000000
0.000000
0.000000
0.000496
0.000558
0.001960
0.003942
0.010961
0.000913
0.000000
0.000000
0.000000
0.000651
0.000882
0.002914
0.003329
0.002816
0.000165
0.000000
0.000000
0.000000
0.001793
0.000198
0.000641
0.001297
0.004220
0.000494
0.000000
0.000000
0.000000
0.000496
0.000558
0.001960
0.003942
0.010961
0.000913
0.000000
0.000000
0.000000
0.000505
0.000784
0.000470
0.003730
0.006377
0.000245
0.000000
0.000000
0.000000
0.000191
0.000424
0.000908
0.000279
0.000311
0.000000
0.000000
0.000000
0.000000
0.002975
0.000183
0.000167
0.000815
0.000678
0.000026
0.000000
0.000000
0.000000
0.000805
0.001328
0.001628
0.000920
0.001416
0.000171
0.000000
0.000000
0.000000
0.003070
0.000163
0.000215
0.001177
0.000881
0.000097
0.000000
0.000000
0.000000
0.002975
0.000183
0.000167
0.000815
0.000678
0.000026
0.000000
0.000000
0.000000
0.000399
0.000868
0.001516
0.004061
0.002508
0.000051
0.000000
0.000000
0.000000
0.003070
0.000163
0.000215
0.001177
0.000881
0.000097
0.000000
0.000000
0.000000
0.000762
0.000201
0.000550
0.002326
0.005009
0.000270
0.000000
0.000000
0.000000
0.000399
0.000868
0.001516
0.004061
0.002508
0.000051
0.000000
0.000000
0.000000
0.000552
0.001714
0.001517
0.001921
0.001301
0.000023
0.000000
0.000000
0.000000
0.000762
0.000201
0.000550
0.002326
0.005009
0.000270
0.000000
0.000000
0.000000
0.000701
0.000405
0.001994
0.002893
0.005511
0.000582
0.000000
0.000000
0.000000
0.000552
0.001714
0.001517
0.001921
0.001301
0.000023
0.000000
0.000000
0.000000
0.001095
0.001456
0.001204
0.001586
0.000845
0.000035
0.000000
0.000000
0.000000
0.000701
0.000405
0.001994
0.002893
0.005511
0.000582
0.000000
0.000000
0.000000
0.001547
0.000651
0.002208
0.003443
0.005488
0.000602
0.000000
0.000000
0.000000
0.001095
0.001456
0.001204
0.001586
0.000845
0.000035
0.000000
0.000000
0.000000
0.000883
0.000325
0.000721
0.002737
0.002200
0.000020
0.000000
0.000000
0.000000
0.001547
0.000651
0.002208
0.003443
0.005488
0.000602
0.000000
0.000000
0.000000
0.000705
0.001082
0.001660
0.005044
0.009138
0.000940
0.000000
0.000000
0.000000
0.000883
0.000325
0.000721
0.002737
0.002200
0.000020
0.000000
0.000000
0.000000
0.001118
0.001806
0.001325
0.002492
0.002173
0.000275
0.000000
0.000000
0.000000
0.000705
0.001082
0.001660
0.005044
0.009138
0.000940
0.000000
0.000000
0.000000
0.000431
0.000266
0.000239
0.003936
0.017804
0.001662
0.000000
0.000000
0.000000
0.001118
0.001806
0.001325
0.002492
0.002173
0.000275
0.000000
0.000000
0.000000
0.001212
0.001696
0.002616
0.002252
0.000535
0.000000
0.000000
0.000000
0.000000
0.000431
0.000266
0.000239
0.003936
0.017804
0.001662
0.000000
0.000000
0.000000
0.001353
0.000156
0.000554
0.000876
0.013784
0.004670
0.000000
0.000000
0.000000
0.001212
0.001696
0.002616
0.002252
0.000535
0.000000
0.000000
0.000000
0.000000
0.001634
0.002148
0.000642
0.000854
0.001346
0.000262
0.000000
0.000000
0.000000
0.001353
0.000156
0.000554
0.000876
0.013784
0.004670
0.000000
0.000000
0.000000
0.000805
0.000098
0.000147
0.001192
0.015007
0.005785
0.000000
0.000000
0.000000
0.001634
0.002148
0.000642
0.000854
0.001346
0.000262
0.000000
0.000000
0.000000
0.000782
0.001467
0.002198
0.004578
0.005991
0.000679
0.000000
0.000000
0.000000
0.000805
0.000098
0.000147
0.001192
0.015007
0.005785
0.000000
0.000000
0.000000
0.004053
0.000738
0.002657
0.003498
0.009233
0.003305
0.000000
0.000000
0.000000
0.000782
0.001467
0.002198
0.004578
0.005991
0.000679
0.000000
0.000000
0.000000
0.000496
0.000558
0.001960
0.003942
0.010961
0.000913
0.000000
0.000000
0.000000
0.004053
0.000738
0.002657
0.003498
0.009233
0.003305
0.000000
0.000000
0.000000
0.000718
0.000541
0.001637
0.004616
0.010576
0.001050
0.000000
0.000000
0.000000
0.000496
0.000558
0.001960
0.003942
0.010961
0.000913
0.000000
0.000000
0.000000
0.000505
0.000784
0.000470
0.003730
0.006377
0.000245
0.000000
0.000000
0.000000
0.000718
0.000541
0.001637
0.004616
0.010576
0.001050
0.000000
0.000000
0.000000
0.000202
0.000415
0.000925
0.004796
0.009795
0.001510
0.000000
0.000000
0.000000
0.000805
0.001328
0.001628
0.000920
0.001416
0.000171
0.000000
0.000000
0.000000
0.003070
0.000163
0.000215
0.001177
0.000881
0.000097
0.000000
0.000000
0.000000
0.001335
0.000792
0.000450
0.003535
0.007918
0.000906
0.000000
0.000000
0.000000
0.000387
0.000154
0.001806
0.004162
0.002722
0.000218
0.000000
0.000000
0.000000
0.003070
0.000163
0.000215
0.001177
0.000881
0.000097
0.000000
0.000000
0.000000
0.000762
0.000201
0.000550
0.002326
0.005009
0.000270
0.000000
0.000000
0.000000
0.000387
0.000154
0.001806
0.004162
0.002722
0.000218
0.000000
0.000000
0.000000
0.001580
0.000594
0.001487
0.003346
0.004813
0.000338
0.000000
0.000000
0.000000
0.000762
0.000201
0.000550
0.002326
0.005009
0.000270
0.000000
0.000000
0.000000
0.000701
0.000405
0.001994
0.002893
0.005511
0.000582
0.000000
0.000000
0.000000
0.001580
0.000594
0.001487
0.003346
0.004813
0.000338
0.000000
0.000000
0.000000
0.000760
0.000164
0.000715
0.003061
0.011521
0.001636
0.000000
0.000000
0.000000
0.000701
0.000405
0.001994
0.002893
0.005511
0.000582
0.000000
0.000000
0.000000
0.001547
0.000651
0.002208
0.003443
0.005488
0.000602
0.000000
0.000000
0.000000
0.000760
0.000164
0.000715
0.003061
0.011521
0.001636
0.000000
0.000000
0.000000
0.000923
0.000336
0.001427
0.003562
0.016254
0.003119
0.000000
0.000000
0.000000
0.001547
0.000651
0.002208
0.003443
0.005488
0.000602
0.000000
0.000000
0.000000
0.000705
0.001082
0.001660
0.005044
0.009138
0.000940
0.000000
0.000000
0.000000
0.000923
0.000336
0.001427
0.003562
0.016254
0.003119
0.000000
0.000000
0.000000
0.004393
0.000208
0.000401
0.003869
0.015118
0.003033
0.000000
0.000000
0.000000
0.000705
0.001082
0.001660
0.005044
0.009138
0.000940
0.000000
0.000000
0.000000
0.000431
0.000266
0.000239
0.003936
0.017804
0.001662
0.000000
0.000000
0.000000
0.004393
0.000208
0.000401
0.003869
0.015118
0.003033
0.000000
0.000000
0.000000
0.001425
0.000181
0.000311
0.000570
0.012826
0.003874
0.000000
0.000000
0.000000
0.000431
0.000266
0.000239
0.003936
0.017804
0.001662
0.000000
0.000000
0.000000
0.001353
0.000156
0.000554
0.000876
0.013784
0.004670
0.000000
0.000000
0.000000
0.001425
0.000181
0.000311
0.000570
0.012826
0.003874
0.000000
0.000000
0.000000
0.004317
0.001312
0.000424
0.001314
0.010426
0.004766
0.000000
0.000000
0.000000
0.001353
0.000156
0.000554
0.000876
0.013784
0.004670
0.000000
0.000000
0.000000
0.000805
0.000098
0.000147
0.001192
0.015007
0.005785
0.000000
0.000000
0.000000
0.004317
0.001312
0.000424
0.001314
0.010426
0.004766
0.000000
0.000000
0.000000
0.000772
0.000856
0.001125
0.005474
0.014964
0.001622
0.000000
0.000000
0.000000
0.000805
0.000098
0.000147
0.001192
0.015007
0.005785
0.000000
0.000000
0.000000
0.004053
0.000738
0.002657
0.003498
0.009233
0.003305
0.000000
0.000000
0.000000
0.000772
0.000856
0.001125
0.005474
0.014964
0.001622
0.000000
0.000000
0.000000
0.000985
0.000390
0.000431
0.001621
0.009462
0.002236
0.000000
0.000000
0.000000
0.004053
0.000738
0.002657
0.003498
0.009233
0.003305
0.000000
0.000000
0.000000
0.000718
0.000541
0.001637
0.004616
0.010576
0.001050
0.000000
0.000000
0.000000
0.000985
0.000390
0.000431
0.001621
0.009462
0.002236
0.000000
0.000000
0.000000
0.004559
0.000028
0.000289
0.000627
0.004458
0.000724
0.000000
0.000000
0.000000
0.000718
0.000541
0.001637
0.004616
0.010576
0.001050
0.000000
0.000000
0.000000
0.000202
0.000415
0.000925
0.004796
0.009795
0.001510
0.000000
0.000000
0.000000
0.004559
0.000028
0.000289
0.000627
0.004458
0.000724
0.000000
0.000000
0.000000
0.000193
0.000631
0.001283
0.002133
0.006989
0.001165
0.000000
0.000000
0.000000
0.001335
0.000792
0.000450
0.003535
0.007918
0.000906
0.000000
0.000000
0.000000
0.000387
0.000154
0.001806
0.004162
0.002722
0.000218
0.000000
0.000000
0.000000
0.001479
0.000215
0.000892
0.001624
0.003270
0.001045
0.000000
0.000000
0.000000
0.000704
0.000375
0.001134
0.003456
0.003140
0.000094
0.000000
0.000000
0.000000
0.000387
0.000154
0.001806
0.004162
0.002722
0.000218
0.000000
0.000000
0.000000
0.001580
0.000594
0.001487
0.003346
0.004813
0.000338
0.000000
0.000000
0.000000
0.000704
0.000375
0.001134
0.003456
0.003140
0.000094
0.000000
0.000000
0.000000
0.000937
0.000793
0.002272
0.002100
0.001426
0.000166
0.000000
0.000000
0.000000
0.001580
0.000594
0.001487
0.003346
0.004813
0.000338
0.000000
0.000000
0.000000
0.000760
0.000164
0.000715
0.003061
0.011521
0.001636
0.000000
0.000000
0.000000
0.000937
0.000793
0.002272
0.002100
0.001426
0.000166
0.000000
0.000000
0.000000
0.002218
0.000545
0.000707
0.001729
0.002655
0.000149
0.000000
0.000000
0.000000
0.000760
0.000164
0.000715
0.003061
0.011521
0.001636
0.000000
0.000000
0.000000
0.000923
0.000336
0.001427
0.003562
0.016254
0.003119
0.000000
0.000000
0.000000
0.002218
0.000545
0.000707
0.001729
0.002655
0.000149
0.000000
0.000000
0.000000
0.000570
0.000363
0.001347
0.003288
0.003534
0.000111
0.000000
0.000000
0.000000
0.000923
0.000336
0.001427
0.003562
0.016254
0.003119
0.000000
0.000000
0.000000
0.004393
0.000208
0.000401
0.003869
0.015118
0.003033
0.000000
0.000000
0.000000
0.000570
0.000363
0.001347
0.003288
0.003534
0.000111
0.000000
0.000000
0.000000
0.000696
0.000196
0.000506
0.002397
0.003992
0.000501
0.000000
0.000000
0.000000
0.004393
0.000208
0.000401
0.003869
0.015118
0.003033
0.000000
0.000000
0.000000
0.001425
0.000181
0.000311
0.000570
0.012826
0.003874
0.000000
0.000000
0.000000
0.000696
0.000196
0.000506
0.002397
0.003992
0.000501
0.000000
0.000000
0.000000
0.000368
0.000777
0.001431
0.002868
0.002697
0.000169
0.000000
0.000000
0.000000
0.001425
0.000181
0.000311
0.000570
0.012826
0.003874
0.000000
0.000000
0.000000
0.004317
0.001312
0.000424
0.001314
0.010426
0.004766
0.000000
0.000000
0.000000
0.000368
0.000777
0.001431
0.002868
0.002697
0.000169
0.000000
0.000000
0.000000
0.004234
0.007736
0.012628
0.003155
0.002089
0.000385
0.000000
0.000000
0.000000
0.004317
0.001312
0.000424
0.001314
0.010426
0.004766
0.000000
0.000000
0.000000
0.000772
0.000856
0.001125
0.005474
0.014964
0.001622
0.000000
0.000000
0.000000
0.004234
0.007736
0.012628
0.003155
0.002089
0.000385
0.000000
0.000000
0.000000
0.007784
0.017389
0.004860
0.005025
0.004871
0.000510
0.000000
0.000000
0.000000
0.000772
0.000856
0.001125
0.005474
0.014964
0.001622
0.000000
0.000000
0.000000
0.000985
0.000390
0.000431
0.001621
0.009462
0.002236
0.000000
0.000000
0.000000
0.007784
0.017389
0.004860
0.005025
0.004871
0.000510
0.000000
0.000000
0.000000
0.001208
0.001023
0.001368
0.002050
0.005700
0.000905
0.000000
0.000000
0.000000
0.000985
0.000390
0.000431
0.001621
0.009462
0.002236
0.000000
0.000000
0.000000
0.004559
0.000028
0.000289
0.000627
0.004458
0.000724
0.000000
0.000000
0.000000
0.001208
0.001023
0.001368
0.002050
0.005700
0.000905
0.000000
0.000000
0.000000
0.003942
0.000074
0.000219
0.000629
0.002829
0.000689
0.000000
0.000000
0.000000
0.004559
0.000028
0.000289
0.000627
0.004458
0.000724
0.000000
0.000000
0.000000
0.000193
0.000631
0.001283
0.002133
0.006989
0.001165
0.000000
0.000000
0.000000
0.003942
0.000074
0.000219
0.000629
0.002829
0.000689
0.000000
0.000000
0.000000
0.000231
0.000926
0.001158
0.004491
0.003155
0.000106
0.000000
0.000000
0.000000
0.001479
0.000215
0.000892
0.001624
0.003270
0.001045
0.000000
0.000000
0.000000
0.000704
0.000375
0.001134
0.003456
0.003140
0.000094
0.000000
0.000000
0.000000
0.001262
0.000762
0.001600
0.007200
0.012230
0.001212
0.000000
0.000000
0.000000
0.000736
0.000000
0.000449
0.004582
0.025779
0.007729
0.000000
0.000000
0.000000
0.000704
0.000375
0.001134
0.003456
0.003140
0.000094
0.000000
0.000000
0.000000
0.000937
0.000793
0.002272
0.002100
0.001426
0.000166
0.000000
0.000000
0.000000
0.000736
0.000000
0.000449
0.004582
0.025779
0.007729
0.000000
0.000000
0.000000
0.001319
0.000477
0.001248
0.004914
0.014729
0.003313
0.000000
0.000000
0.000000
0.000937
0.000793
0.002272
0.002100
0.001426
0.000166
0.000000
0.000000
0.000000
0.002218
0.000545
0.000707
0.001729
0.002655
0.000149
0.000000
0.000000
0.000000
0.001319
0.000477
0.001248
0.004914
0.014729
0.003313
0.000000
0.000000
0.000000
0.002340
0.000596
0.000832
0.002491
0.012690
0.002137
0.000000
0.000000
0.000000
0.002218
0.000545
0.000707
0.001729
0.002655
0.000149
0.000000
0.000000
0.000000
0.000570
0.000363
0.001347
0.003288
0.003534
0.000111
0.000000
0.000000
0.000000
0.002340
0.000596
0.000832
0.002491
0.012690
0.002137
0.000000
0.000000
0.000000
0.000308
0.000815
0.001341
0.002281
0.006978
0.001338
0.000000
0.000000
0.000000
0.000570
0.000363
0.001347
0.003288
0.003534
0.000111
0.000000
0.000000
0.000000
0.000696
0.000196
0.000506
0.002397
0.003992
0.000501
0.000000
0.000000
0.000000
0.000308
0.000815
0.001341
0.002281
0.006978
0.001338
0.000000
0.000000
0.000000
0.001377
0.000058
0.000306
0.002666
0.005196
0.000394
0.000000
0.000000
0.000000
0.000696
0.000196
0.000506
0.002397
0.003992
0.000501
0.000000
0.000000
0.000000
0.000368
0.000777
0.001431
0.002868
0.002697
0.000169
0.000000
0.000000
0.000000
0.001377
0.000058
0.000306
0.002666
0.005196
0.000394
0.000000
0.000000
0.000000
0.003171
0.000740
0.000728
0.001367
0.004513
0.000666
0.000000
0.000000
0.000000
0.000368
0.000777
0.001431
0.002868
0.002697
0.000169
0.000000
0.000000
0.000000
0.004234
0.007736
0.012628
0.003155
0.002089
0.000385
0.000000
0.000000
0.000000
0.003171
0.000740
0.000728
0.001367
0.004513
0.000666
0.000000
0.000000
0.000000
0.030380
0.038115
0.031086
0.008331
0.002895
0.000180
0.000000
0.000000
0.000000
0.004234
0.007736
0.012628
0.003155
0.002089
0.000385
0.000000
0.000000
0.000000
0.007784
0.017389
0.004860
0.005025
0.004871
0.000510
0.000000
0.000000
0.000000
0.030380
0.038115
0.031086
0.008331
0.002895
0.000180
0.000000
0.000000
0.000000
0.031672
0.041905
0.035058
0.014186
0.005584
0.000461
0.000000
0.000000
0.000000
0.007784
0.017389
0.004860
0.005025
0.004871
0.000510
0.000000
0.000000
0.000000
0.001208
0.001023
0.001368
0.002050
0.005700
0.000905
0.000000
0.000000
0.000000
0.031672
0.041905
0.035058
0.014186
0.005584
0.000461
0.000000
0.000000
0.000000
0.001289
0.002242
0.002849
0.002204
0.001526
0.000006
0.000000
0.000000
0.000000
0.001208
0.001023
0.001368
0.002050
0.005700
0.000905
0.000000
0.000000
0.000000
0.003942
0.000074
0.000219
0.000629
0.002829
0.000689
0.000000
0.000000
0.000000
0.001289
0.002242
0.002849
0.002204
0.001526
0.000006
0.000000
0.000000
0.000000
0.000531
0.001812
0.002618
0.002309
0.001842
0.000006
0.000000
0.000000
0.000000
0.003942
0.000074
0.000219
0.000629
0.002829
0.000689
0.000000
0.000000
0.000000
0.000231
0.000926
0.001158
0.004491
0.003155
0.000106
0.000000
0.000000
0.000000
0.000531
0.001812
0.002618
0.002309
0.001842
0.000006
0.000000
0.000000
0.000000
0.000528
0.000350
0.001327
0.003509
0.006088
0.000498
0.000000
0.000000
0.000000
0.001262
0.000762
0.001600
0.007200
0.012230
0.001212
0.000000
0.000000
0.000000
0.000736
0.000000
0.000449
0.004582
0.025779
0.007729
0.000000
0.000000
0.000000
0.002232
0.000595
0.001288
0.002748
0.006340
0.000829
0.000000
0.000000
0.000000
0.000678
0.001237
0.001488
0.004693
0.005766
0.000552
0.000000
0.000000
0.000000
0.000736
0.000000
0.000449
0.004582
0.025779
0.007729
0.000000
0.000000
0.000000
0.001319
0.000477
0.001248
0.004914
0.014729
0.003313
0.000000
0.000000
0.000000
0.000678
0.001237
0.001488
0.004693
0.005766
0.000552
0.000000
0.000000
0.000000
0.000680
0.000492
0.000804
0.002417
0.006745
0.001588
0.000000
0.000000
0.000000
0.001319
0.000477
0.001248
0.004914
0.014729
0.003313
0.000000
0.000000
0.000000
0.002340
0.000596
0.000832
0.002491
0.012690
0.002137
0.000000
0.000000
0.000000
0.000680
0.000492
0.000804
0.002417
0.006745
0.001588
0.000000
0.000000
0.000000
0.000934
0.000584
0.000716
0.001705
0.004278
0.000402
0.000000
0.000000
0.000000
0.002340
0.000596
0.000832
0.002491
0.012690
0.002137
0.000000
0.000000
0.000000
0.000308
0.000815
0.001341
0.002281
0.006978
0.001338
0.000000
0.000000
0.000000
0.000934
0.000584
0.000716
0.001705
0.004278
0.000402
0.000000
0.000000
0.000000
0.002859
0.003654
0.002020
0.007243
0.006264
0.000637
0.000000
0.000000
0.000000
0.000308
0.000815
0.001341
0.002281
0.006978
0.001338
0.000000
0.000000
0.000000
0.001377
0.000058
0.000306
0.002666
0.005196
0.000394
0.000000
0.000000
0.000000
0.002859
0.003654
0.002020
0.007243
0.006264
0.000637
0.000000
0.000000
0.000000
0.002377
0.006379
0.003799
0.005217
0.007500
0.000824
0.000000
0.000000
0.000000
0.001377
0.000058
0.000306
0.002666
0.005196
0.000394
0.000000
0.000000
0.000000
0.003171
0.000740
0.000728
0.001367
0.004513
0.000666
0.000000
0.000000
0.000000
0.002377
0.006379
0.003799
0.005217
0.007500
0.000824
0.000000
0.000000
0.000000
0.004626
0.009964
0.010345
0.008777
0.005550
0.000677
0.000000
0.000000
0.000000
0.003171
0.000740
0.000728
0.001367
0.004513
0.000666
0.000000
0.000000
0.000000
0.030380
0.038115
0.031086
0.008331
0.002895
0.000180
0.000000
0.000000
0.000000
0.004626
0.009964
0.010345
0.008777
0.005550
0.000677
0.000000
0.000000
0.000000
0.012912
0.036570
0.034077
0.028458
0.005673
0.000231
0.000000
0.000000
0.000000
0.030380
0.038115
0.031086
0.008331
0.002895
0.000180
0.000000
0.000000
0.000000
0.031672
0.041905
0.035058
0.014186
0.005584
0.000461
0.000000
0.000000
0.000000
0.012912
0.036570
0.034077
0.028458
0.005673
0.000231
0.000000
0.000000
0.000000
0.007886
0.030806
0.026076
0.035880
0.007268
0.000341
0.000000
0.000000
0.000000
0.031672
0.041905
0.035058
0.014186
0.005584
0.000461
0.000000
0.000000
0.000000
0.001289
0.002242
0.002849
0.002204
0.001526
0.000006
0.000000
0.000000
0.000000
0.007886
0.030806
0.026076
0.035880
0.007268
0.000341
0.000000
0.000000
0.000000
0.007379
0.014801
0.005486
0.007464
0.005889
0.000513
0.000000
0.000000
0.000000
0.001289
0.002242
0.002849
0.002204
0.001526
0.000006
0.000000
0.000000
0.000000
0.000531
0.001812
0.002618
0.002309
0.001842
0.000006
0.000000
0.000000
0.000000
0.007379
0.014801
0.005486
0.007464
0.005889
0.000513
0.000000
0.000000
0.000000
0.004564
0.009297
0.007692
0.002502
0.002151
0.000222
0.000000
0.000000
0.000000
0.000531
0.001812
0.002618
0.002309
0.001842
0.000006
0.000000
0.000000
0.000000
0.000528
0.000350
0.001327
0.003509
0.006088
0.000498
0.000000
0.000000
0.000000
0.004564
0.009297
0.007692
0.002502
0.002151
0.000222
0.000000
0.000000
0.000000
0.005650
0.007303
0.004331
0.004155
0.001980
0.000374
0.000000
0.000000
0.000000
0.002232
0.000595
0.001288
0.002748
0.006340
0.000829
0.000000
0.000000
0.000000
0.000678
0.001237
0.001488
0.004693
0.005766
0.000552
0.000000
0.000000
0.000000
0.003253
0.000133
0.000806
0.001042
0.001512
0.000164
0.000000
0.000000
0.000000
0.001675
0.000742
0.001080
0.002461
0.002336
0.000183
0.000000
0.000000
0.000000
0.000678
0.001237
0.001488
0.004693
0.005766
0.000552
0.000000
0.000000
0.000000
0.000680
0.000492
0.000804
0.002417
0.006745
0.001588
0.000000
0.000000
0.000000
0.001675
0.000742
0.001080
0.002461
0.002336
0.000183
0.000000
0.000000
0.000000
0.000232
0.000594
0.000642
0.005619
0.003837
0.000237
0.000000
0.000000
0.000000
0.000680
0.000492
0.000804
0.002417
0.006745
0.001588
0.000000
0.000000
0.000000
0.000934
0.000584
0.000716
0.001705
0.004278
0.000402
0.000000
0.000000
0.000000
0.000232
0.000594
0.000642
0.005619
0.003837
0.000237
0.000000
0.000000
0.000000
0.001342
0.000793
0.001867
0.000978
0.002858
0.000235
0.000000
0.000000
0.000000
0.000934
0.000584
0.000716
0.001705
0.004278
0.000402
0.000000
0.000000
0.000000
0.002859
0.003654
0.002020
0.007243
0.006264
0.000637
0.000000
0.000000
0.000000
0.001342
0.000793
0.001867
0.000978
0.002858
0.000235
0.000000
0.000000
0.000000
0.016767
0.040485
0.021727
0.006913
0.004162
0.000322
0.000000
0.000000
0.000000
0.002859
0.003654
0.002020
0.007243
0.006264
0.000637
0.000000
0.000000
0.000000
0.002377
0.006379
0.003799
0.005217
0.007500
0.000824
0.000000
0.000000
0.000000
0.016767
0.040485
0.021727
0.006913
0.004162
0.000322
0.000000
0.000000
0.000000
0.013377
0.035356
0.030314
0.041603
0.021904
0.002863
0.000000
0.000000
0.000000
0.002377
0.006379
0.003799
0.005217
0.007500
0.000824
0.000000
0.000000
0.000000
0.004626
0.009964
0.010345
0.008777
0.005550
0.000677
0.000000
0.000000
0.000000
0.013377
0.035356
0.030314
0.041603
0.021904
0.002863
0.000000
0.000000
0.000000
0.018890
0.017225
0.011255
0.019646
0.035824
0.013822
0.000000
0.000000
0.000000
0.004626
0.009964
0.010345
0.008777
0.005550
0.000677
0.000000
0.000000
0.000000
0.012912
0.036570
0.034077
0.028458
0.005673
0.000231
0.000000
0.000000
0.000000
0.018890
0.017225
0.011255
0.019646
0.035824
0.013822
0.000000
0.000000
0.000000
0.024035
0.023778
0.018463
0.012172
0.005554
0.000105
0.000000
0.000000
0.000000
0.012912
0.036570
0.034077
0.028458
0.005673
0.000231
0.000000
0.000000
0.000000
0.007886
0.030806
0.026076
0.035880
0.007268
0.000341
0.000000
0.000000
0.000000
0.024035
0.023778
0.018463
0.012172
0.005554
0.000105
0.000000
0.000000
0.000000
0.002610
0.007176
0.015866
0.018006
0.023653
0.002643
0.000000
0.000000
0.000000
0.007886
0.030806
0.026076
0.035880
0.007268
0.000341
0.000000
0.000000
0.000000
0.007379
0.014801
0.005486
0.007464
0.005889
0.000513
0.000000
0.000000
0.000000
0.002610
0.007176
0.015866
0.018006
0.023653
0.002643
0.000000
0.000000
0.000000
0.016427
0.030244
0.027622
0.009994
0.004464
0.000485
0.000000
0.000000
0.000000
0.007379
0.014801
0.005486
0.007464
0.005889
0.000513
0.000000
0.000000
0.000000
0.004564
0.009297
0.007692
0.002502
0.002151
0.000222
0.000000
0.000000
0.000000
0.016427
0.030244
0.027622
0.009994
0.004464
0.000485
0.000000
0.000000
0.000000
0.006289
0.028573
0.015484
0.013783
0.004322
0.000743
0.000000
0.000000
0.000000
0.004564
0.009297
0.007692
0.002502
0.002151
0.000222
0.000000
0.000000
0.000000
0.005650
0.007303
0.004331
0.004155
0.001980
0.000374
0.000000
0.000000
0.000000
0.006289
0.028573
0.015484
0.013783
0.004322
0.000743
0.000000
0.000000
0.000000
0.023855
0.035065
0.024152
0.006199
0.002173
0.000000
0.000000
0.000000
0.000000
0.003253
0.000133
0.000806
0.001042
0.001512
0.000164
0.000000
0.000000
0.000000
0.001675
0.000742
0.001080
0.002461
0.002336
0.000183
0.000000
0.000000
0.000000
0.001076
0.002208
0.001881
0.001523
0.003404
0.000285
0.000000
0.000000
0.000000
0.009181
0.035751
0.016946
0.022726
0.028643
0.004269
0.000000
0.000000
0.000000
0.001675
0.000742
0.001080
0.002461
0.002336
0.000183
0.000000
0.000000
0.000000
0.000232
0.000594
0.000642
0.005619
0.003837
0.000237
0.000000
0.000000
0.000000
0.009181
0.035751
0.016946
0.022726
0.028643
0.004269
0.000000
0.000000
0.000000
0.005187
0.011608
0.012880
0.029642
0.031798
0.005577
0.000000
0.000000
0.000000
0.000232
0.000594
0.000642
0.005619
0.003837
0.000237
0.000000
0.000000
0.000000
0.001342
0.000793
0.001867
0.000978
0.002858
0.000235
0.000000
0.000000
0.000000
0.005187
0.011608
0.012880
0.029642
0.031798
0.005577
0.000000
0.000000
0.000000
0.002604
0.003819
0.008045
0.019867
0.036681
0.005159
0.000000
0.000000
0.000000
0.001342
0.000793
0.001867
0.000978
0.002858
0.000235
0.000000
0.000000
0.000000
0.016767
0.040485
0.021727
0.006913
0.004162
0.000322
0.000000
0.000000
0.000000
0.002604
0.003819
0.008045
0.019867
0.036681
0.005159
0.000000
0.000000
0.000000
0.019880
0.026290
0.019640
0.028211
0.019596
0.000908
0.000000
0.000000
0.000000
0.016767
0.040485
0.021727
0.006913
0.004162
0.000322
0.000000
0.000000
0.000000
0.013377
0.035356
0.030314
0.041603
0.021904
0.002863
0.000000
0.000000
0.000000
0.019880
0.026290
0.019640
0.028211
0.019596
0.000908
0.000000
0.000000
0.000000
0.004665
0.011532
0.009687
0.020812
0.017120
0.002316
0.000000
0.000000
0.000000
0.013377
0.035356
0.030314
0.041603
0.021904
0.002863
0.000000
0.000000
0.000000
0.018890
0.017225
0.011255
0.019646
0.035824
0.013822
0.000000
0.000000
0.000000
0.004665
0.011532
0.009687
0.020812
0.017120
0.002316
0.000000
0.000000
0.000000
0.008605
0.019531
0.021886
0.012160
0.009219
0.000857
0.000000
0.000000
0.000000
0.018890
0.017225
0.011255
0.019646
0.035824
0.013822
0.000000
0.000000
0.000000
0.024035
0.023778
0.018463
0.012172
0.005554
0.000105
0.000000
0.000000
0.000000
0.008605
0.019531
0.021886
0.012160
0.009219
0.000857
0.000000
0.000000
0.000000
0.037417
0.059510
0.018490
0.010897
0.006528
0.001818
0.000000
0.000000
0.000000
0.024035
0.023778
0.018463
0.012172
0.005554
0.000105
0.000000
0.000000
0.000000
0.002610
0.007176
0.015866
0.018006
0.023653
0.002643
0.000000
0.000000
0.000000
0.037417
0.059510
0.018490
0.010897
0.006528
0.001818
0.000000
0.000000
0.000000
0.010921
0.015889
0.018251
0.017832
0.018349
0.003173
0.000000
0.000000
0.000000
0.002610
0.007176
0.015866
0.018006
0.023653
0.002643
0.000000
0.000000
0.000000
0.016427
0.030244
0.027622
0.009994
0.004464
0.000485
0.000000
0.000000
0.000000
0.010921
0.015889
0.018251
0.017832
0.018349
0.003173
0.000000
0.000000
0.000000
0.018286
0.023888
0.012471
0.013062
0.030291
0.006601
0.000000
0.000000
0.000000
0.016427
0.030244
0.027622
0.009994
0.004464
0.000485
0.000000
0.000000
0.000000
0.006289
0.028573
0.015484
0.013783
0.004322
0.000743
0.000000
0.000000
0.000000
0.018286
0.023888
0.012471
0.013062
0.030291
0.006601
0.000000
0.000000
0.000000
0.016962
0.044227
0.016183
0.008033
0.008783
0.000390
0.000000
0.000000
0.000000
0.006289
0.028573
0.015484
0.013783
0.004322
0.000743
0.000000
0.000000
0.000000
0.023855
0.035065
0.024152
0.006199
0.002173
0.000000
0.000000
0.000000
0.000000
0.016962
0.044227
0.016183
0.008033
0.008783
0.000390
0.000000
0.000000
0.000000
0.027095
0.041792
0.011986
0.007390
0.002944
0.000189
0.000000
0.000000
0.000000
0.001076
0.002208
0.001881
0.001523
0.003404
0.000285
0.000000
0.000000
0.000000
0.009181
0.035751
0.016946
0.022726
0.028643
0.004269
0.000000
0.000000
0.000000
0.008527
0.023574
0.027064
0.012348
0.013375
0.002141
0.000000
0.000000
0.000000
0.006751
0.014597
0.027597
0.028512
0.012292
0.001101
0.000000
0.000000
0.000000
0.009181
0.035751
0.016946
0.022726
0.028643
0.004269
0.000000
0.000000
0.000000
0.005187
0.011608
0.012880
0.029642
0.031798
0.005577
0.000000
0.000000
0.000000
0.006751
0.014597
0.027597
0.028512
0.012292
0.001101
0.000000
0.000000
0.000000
0.001881
0.006320
0.008398
0.008629
0.018445
0.002844
0.000000
0.000000
0.000000
0.005187
0.011608
0.012880
0.029642
0.031798
0.005577
0.000000
0.000000
0.000000
0.002604
0.003819
0.008045
0.019867
0.036681
0.005159
0.000000
0.000000
0.000000
0.001881
0.006320
0.008398
0.008629
0.018445
0.002844
0.000000
0.000000
0.000000
0.013168
0.017268
0.020137
0.019533
0.023411
0.003674
0.000000
0.000000
0.000000
0.002604
0.003819
0.008045
0.019867
0.036681
0.005159
0.000000
0.000000
0.000000
0.019880
0.026290
0.019640
0.028211
0.019596
0.000908
0.000000
0.000000
0.000000
0.013168
0.017268
0.020137
0.019533
0.023411
0.003674
0.000000
0.000000
0.000000
0.015832
0.021409
0.016535
0.022805
0.017797
0.002573
0.000000
0.000000
0.000000
0.019880
0.026290
0.019640
0.028211
0.019596
0.000908
0.000000
0.000000
0.000000
0.004665
0.011532
0.009687
0.020812
0.017120
0.002316
0.000000
0.000000
0.000000
0.015832
0.021409
0.016535
0.022805
0.017797
0.002573
0.000000
0.000000
0.000000
0.005691
0.009408
0.008123
0.007893
0.006554
0.000845
0.000000
0.000000
0.000000
0.004665
0.011532
0.009687
0.020812
0.017120
0.002316
0.000000
0.000000
0.000000
0.008605
0.019531
0.021886
0.012160
0.009219
0.000857
0.000000
0.000000
0.000000
0.005691
0.009408
0.008123
0.007893
0.006554
0.000845
0.000000
0.000000
0.000000
0.004616
0.014441
0.013693
0.007865
0.004621
0.000119
0.000000
0.000000
0.000000
0.008605
0.019531
0.021886
0.012160
0.009219
0.000857
0.000000
0.000000
0.000000
0.037417
0.059510
0.018490
0.010897
0.006528
0.001818
0.000000
0.000000
0.000000
0.004616
0.014441
0.013693
0.007865
0.004621
0.000119
0.000000
0.000000
0.000000
0.020716
0.018646
0.015762
0.016896
0.009095
0.001804
0.000000
0.000000
0.000000
0.037417
0.059510
0.018490
0.010897
0.006528
0.001818
0.000000
0.000000
0.000000
0.010921
0.015889
0.018251
0.017832
0.018349
0.003173
0.000000
0.000000
0.000000
0.020716
0.018646
0.015762
0.016896
0.009095
0.001804
0.000000
0.000000
0.000000
0.021698
0.027530
0.013215
0.007541
0.004144
0.000172
0.000000
0.000000
0.000000
0.010921
0.015889
0.018251
0.017832
0.018349
0.003173
0.000000
0.000000
0.000000
0.018286
0.023888
0.012471
0.013062
0.030291
0.006601
0.000000
0.000000
0.000000
0.021698
0.027530
0.013215
0.007541
0.004144
0.000172
0.000000
0.000000
0.000000
0.011737
0.014117
0.014471
0.012546
0.010725
0.002274
0.000000
0.000000
0.000000
0.018286
0.023888
0.012471
0.013062
0.030291
0.006601
0.000000
0.000000
0.000000
0.016962
0.044227
0.016183
0.008033
0.008783
0.000390
0.000000
0.000000
0.000000
0.011737
0.014117
0.014471
0.012546
0.010725
0.002274
0.000000
0.000000
0.000000
0.007195
0.016404
0.017625
0.011304
0.008376
0.000786
0.000000
0.000000
0.000000
0.016962
0.044227
0.016183
0.008033
0.008783
0.000390
0.000000
0.000000
0.000000
0.027095
0.041792
0.011986
0.007390
0.002944
0.000189
0.000000
0.000000
0.000000
0.007195
0.016404
0.017625
0.011304
0.008376
0.000786
0.000000
0.000000
0.000000
0.005996
0.008321
0.012430
0.011172
0.017872
0.001389
0.000000
0.000000
0.000000
0.008527
0.023574
0.027064
0.012348
0.013375
0.002141
0.000000
0.000000
0.000000
0.006751
0.014597
0.027597
0.028512
0.012292
0.001101
0.000000
0.000000
0.000000
0.008189
0.013829
0.014664
0.012653
0.014074
0.001607
0.000000
0.000000
0.000000
0.020147
0.028934
0.022268
0.009239
0.002132
0.000079
0.000000
0.000000
0.000000
0.006751
0.014597
0.027597
0.028512
0.012292
0.001101
0.000000
0.000000
0.000000
0.001881
0.006320
0.008398
0.008629
0.018445
0.002844
0.000000
0.000000
0.000000
0.020147
0.028934
0.022268
0.009239
0.002132
0.000079
0.000000
0.000000
0.000000
0.010747
0.013502
0.013910
0.021500
0.010590
0.001343
0.000000
0.000000
0.000000
0.001881
0.006320
0.008398
0.008629
0.018445
0.002844
0.000000
0.000000
0.000000
0.013168
0.017268
0.020137
0.019533
0.023411
0.003674
0.000000
0.000000
0.000000
0.010747
0.013502
0.013910
0.021500
0.010590
0.001343
0.000000
0.000000
0.000000
0.013722
0.029821
0.017399
0.007488
0.006172
0.000338
0.000000
0.000000
0.000000
0.013168
0.017268
0.020137
0.019533
0.023411
0.003674
0.000000
0.000000
0.000000
0.015832
0.021409
0.016535
0.022805
0.017797
0.002573
0.000000
0.000000
0.000000
0.013722
0.029821
0.017399
0.007488
0.006172
0.000338
0.000000
0.000000
0.000000
0.013884
0.039951
0.011983
0.010073
0.010555
0.001104
0.000000
0.000000
0.000000
0.015832
0.021409
0.016535
0.022805
0.017797
0.002573
0.000000
0.000000
0.000000
0.005691
0.009408
0.008123
0.007893
0.006554
0.000845
0.000000
0.000000
0.000000
0.013884
0.039951
0.011983
0.010073
0.010555
0.001104
0.000000
0.000000
0.000000
0.032915
0.051926
0.017165
0.008722
0.004163
0.000655
0.000000
0.000000
0.000000
0.005691
0.009408
0.008123
0.007893
0.006554
0.000845
0.000000
0.000000
0.000000
0.004616
0.014441
0.013693
0.007865
0.004621
0.000119
0.000000
0.000000
0.000000
0.032915
0.051926
0.017165
0.008722
0.004163
0.000655
0.000000
0.000000
0.000000
0.022972
0.037127
0.015459
0.009867
0.001199
0.000000
0.000000
0.000000
0.000000
0.004616
0.014441
0.013693
0.007865
0.004621
0.000119
0.000000
0.000000
0.000000
0.020716
0.018646
0.015762
0.016896
0.009095
0.001804
0.000000
0.000000
0.000000
0.022972
0.037127
0.015459
0.009867
0.001199
0.000000
0.000000
0.000000
0.000000
0.014039
0.011935
0.008084
0.006490
0.004693
0.000539
0.000000
0.000000
0.000000
0.020716
0.018646
0.015762
0.016896
0.009095
0.001804
0.000000
0.000000
0.000000
0.021698
0.027530
0.013215
0.007541
0.004144
0.000172
0.000000
0.000000
0.000000
0.014039
0.011935
0.008084
0.006490
0.004693
0.000539
0.000000
0.000000
0.000000
0.002620
0.008708
0.012419
0.013200
0.011468
0.002495
0.000000
0.000000
0.000000
0.021698
0.027530
0.013215
0.007541
0.004144
0.000172
0.000000
0.000000
0.000000
0.011737
0.014117
0.014471
0.012546
0.010725
0.002274
0.000000
0.000000
0.000000
0.002620
0.008708
0.012419
0.013200
0.011468
0.002495
0.000000
0.000000
0.000000
0.026167
0.032886
0.010576
0.008772
0.006888
0.000456
0.000000
0.000000
0.000000
0.011737
0.014117
0.014471
0.012546
0.010725
0.002274
0.000000
0.000000
0.000000
0.007195
0.016404
0.017625
0.011304
0.008376
0.000786
0.000000
0.000000
0.000000
0.026167
0.032886
0.010576
0.008772
0.006888
0.000456
0.000000
0.000000
0.000000
0.026134
0.039441
0.024965
0.013763
0.008056
0.000645
0.000000
0.000000
0.000000
0.007195
0.016404
0.017625
0.011304
0.008376
0.000786
0.000000
0.000000
0.000000
0.005996
0.008321
0.012430
0.011172
0.017872
0.001389
0.000000
0.000000
0.000000
0.026134
0.039441
0.024965
0.013763
0.008056
0.000645
0.000000
0.000000
0.000000
0.011176
0.010600
0.015494
0.011480
0.013905
0.002148
0.000000
0.000000
0.000000
0.008189
0.013829
0.014664
0.012653
0.014074
0.001607
0.000000
0.000000
0.000000
0.020147
0.028934
0.022268
0.009239
0.002132
0.000079
0.000000
0.000000
0.000000
0.001159
0.001689
0.007528
0.012237
0.012113
0.001343
0.000000
0.000000
0.000000
0.004220
0.013110
0.016969
0.009982
0.007250
0.001113
0.000000
0.000000
0.000000
0.020147
0.028934
0.022268
0.009239
0.002132
0.000079
0.000000
0.000000
0.000000
0.010747
0.013502
0.013910
0.021500
0.010590
0.001343
0.000000
0.000000
0.000000
0.004220
0.013110
0.016969
0.009982
0.007250
0.001113
0.000000
0.000000
0.000000
0.002576
0.005854
0.006086
0.013355
0.010420
0.000485
0.000000
0.000000
0.000000
0.010747
0.013502
0.013910
0.021500
0.010590
0.001343
0.000000
0.000000
0.000000
0.013722
0.029821
0.017399
0.007488
0.006172
0.000338
0.000000
0.000000
0.000000
0.002576
0.005854
0.006086
0.013355
0.010420
0.000485
0.000000
0.000000
0.000000
0.010952
0.030829
0.033496
0.012952
0.016998
0.002102
0.000000
0.000000
0.000000
0.013722
0.029821
0.017399
0.007488
0.006172
0.000338
0.000000
0.000000
0.000000
0.013884
0.039951
0.011983
0.010073
0.010555
0.001104
0.000000
0.000000
0.000000
0.010952
0.030829
0.033496
0.012952
0.016998
0.002102
0.000000
0.000000
0.000000
0.017571
0.046539
0.022693
0.015705
0.022828
0.002961
0.000000
0.000000
0.000000
0.013884
0.039951
0.011983
0.010073
0.010555
0.001104
0.000000
0.000000
0.000000
0.032915
0.051926
0.017165
0.008722
0.004163
0.000655
0.000000
0.000000
0.000000
0.017571
0.046539
0.022693
0.015705
0.022828
0.002961
0.000000
0.000000
0.000000
0.021942
0.036770
0.019742
0.007383
0.003892
0.000409
0.000000
0.000000
0.000000
0.032915
0.051926
0.017165
0.008722
0.004163
0.000655
0.000000
0.000000
0.000000
0.022972
0.037127
0.015459
0.009867
0.001199
0.000000
0.000000
0.000000
0.000000
0.021942
0.036770
0.019742
0.007383
0.003892
0.000409
0.000000
0.000000
0.000000
0.009257
0.024484
0.016968
0.004027
0.006750
0.000253
0.000000
0.000000
0.000000
0.022972
0.037127
0.015459
0.009867
0.001199
0.000000
0.000000
0.000000
0.000000
0.014039
0.011935
0.008084
0.006490
0.004693
0.000539
0.000000
0.000000
0.000000
0.009257
0.024484
0.016968
0.004027
0.006750
0.000253
0.000000
0.000000
0.000000
0.005043
0.016108
0.027091
0.012403
0.008966
0.001436
0.000000
0.000000
0.000000
0.014039
0.011935
0.008084
0.006490
0.004693
0.000539
0.000000
0.000000
0.000000
0.002620
0.008708
0.012419
0.013200
0.011468
0.002495
0.000000
0.000000
0.000000
0.005043
0.016108
0.027091
0.012403
0.008966
0.001436
0.000000
0.000000
0.000000
0.004107
0.011158
0.016065
0.015585
0.015077
0.004423
0.000000
0.000000
0.000000
0.002620
0.008708
0.012419
0.013200
0.011468
0.002495
0.000000
0.000000
0.000000
0.026167
0.032886
0.010576
0.008772
0.006888
0.000456
0.000000
0.000000
0.000000
0.004107
0.011158
0.016065
0.015585
0.015077
0.004423
0.000000
0.000000
0.000000
0.018150
0.026096
0.011191
0.015752
0.005706
0.000824
0.000000
0.000000
0.000000
0.026167
0.032886
0.010576
0.008772
0.006888
0.000456
0.000000
0.000000
0.000000
0.026134
0.039441
0.024965
0.013763
0.008056
0.000645
0.000000
0.000000
0.000000
0.018150
0.026096
0.011191
0.015752
0.005706
0.000824
0.000000
0.000000
0.000000
0.017063
0.036438
0.023476
0.006386
0.007175
0.001452
0.000000
0.000000
0.000000
0.026134
0.039441
0.024965
0.013763
0.008056
0.000645
0.000000
0.000000
0.000000
0.011176
0.010600
0.015494
0.011480
0.013905
0.002148
0.000000
0.000000
0.000000
0.017063
0.036438
0.023476
0.006386
0.007175
0.001452
0.000000
0.000000
0.000000
0.010251
0.024714
0.019461
0.006934
0.005221
0.000215
0.000000
0.000000
0.000000
0.001159
0.001689
0.007528
0.012237
0.012113
0.001343
0.000000
0.000000
0.000000
0.004220
0.013110
0.016969
0.009982
0.007250
0.001113
0.000000
0.000000
0.000000
0.003225
0.001220
0.001713
0.003644
0.053197
0.026593
0.000000
0.000000
0.000000
0.001359
0.001317
0.001640
0.004926
0.063674
0.031682
0.000000
0.000000
0.000000
0.004220
0.013110
0.016969
0.009982
0.007250
0.001113
0.000000
0.000000
0.000000
0.002576
0.005854
0.006086
0.013355
0.010420
0.000485
0.000000
0.000000
0.000000
0.001359
0.001317
0.001640
0.004926
0.063674
0.031682
0.000000
0.000000
0.000000
0.001632
0.001637
0.004172
0.007446
0.054614
0.019876
0.000000
0.000000
0.000000
0.002576
0.005854
0.006086
0.013355
0.010420
0.000485
0.000000
0.000000
0.000000
0.010952
0.030829
0.033496
0.012952
0.016998
0.002102
0.000000
0.000000
0.000000
0.001632
0.001637
0.004172
0.007446
0.054614
0.019876
0.000000
0.000000
0.000000
0.009520
0.014886
0.023345
0.028075
0.034481
0.006259
0.000000
0.000000
0.000000
0.010952
0.030829
0.033496
0.012952
0.016998
0.002102
0.000000
0.000000
0.000000
0.017571
0.046539
0.022693
0.015705
0.022828
0.002961
0.000000
0.000000
0.000000
0.009520
0.014886
0.023345
0.028075
0.034481
0.006259
0.000000
0.000000
0.000000
0.007244
0.008136
0.004487
0.014633
0.090789
0.015997
0.000000
0.000000
0.000000
0.017571
0.046539
0.022693
0.015705
0.022828
0.002961
0.000000
0.000000
0.000000
0.021942
0.036770
0.019742
0.007383
0.003892
0.000409
0.000000
0.000000
0.000000
0.007244
0.008136
0.004487
0.014633
0.090789
0.015997
0.000000
0.000000
0.000000
0.008533
0.012112
0.010168
0.023202
0.038043
0.005608
0.000000
0.000000
0.000000
0.021942
0.036770
0.019742
0.007383
0.003892
0.000409
0.000000
0.000000
0.000000
0.009257
0.024484
0.016968
0.004027
0.006750
0.000253
0.000000
0.000000
0.000000
0.008533
0.012112
0.010168
0.023202
0.038043
0.005608
0.000000
0.000000
0.000000
0.008088
0.005432
0.011445
0.024455
0.039319
0.008237
0.000000
0.000000
0.000000
0.009257
0.024484
0.016968
0.004027
0.006750
0.000253
0.000000
0.000000
0.000000
0.005043
0.016108
0.027091
0.012403
0.008966
0.001436
0.000000
0.000000
0.000000
0.008088
0.005432
0.011445
0.024455
0.039319
0.008237
0.000000
0.000000
0.000000
0.011632
0.024216
0.017945
0.024694
0.027374
0.003392
0.000000
0.000000
0.000000
0.005043
0.016108
0.027091
0.012403
0.008966
0.001436
0.000000
0.000000
0.000000
0.004107
0.011158
0.016065
0.015585
0.015077
0.004423
0.000000
0.000000
0.000000
0.011632
0.024216
0.017945
0.024694
0.027374
0.003392
0.000000
0.000000
0.000000
0.006856
0.016425
0.013460
0.020298
0.017459
0.001535
0.000000
0.000000
0.000000
0.004107
0.011158
0.016065
0.015585
0.015077
0.004423
0.000000
0.000000
0.000000
0.018150
0.026096
0.011191
0.015752
0.005706
0.000824
0.000000
0.000000
0.000000
0.006856
0.016425
0.013460
0.020298
0.017459
0.001535
0.000000
0.000000
0.000000
0.005419
0.009987
0.012182
0.039057
0.046189
0.006131
0.000000
0.000000
0.000000
0.018150
0.026096
0.011191
0.015752
0.005706
0.000824
0.000000
0.000000
0.000000
0.017063
0.036438
0.023476
0.006386
0.007175
0.001452
0.000000
0.000000
0.000000
0.005419
0.009987
0.012182
0.039057
0.046189
0.006131
0.000000
0.000000
0.000000
0.009321
0.004682
0.010778
0.016316
0.056008
0.009013
0.000000
0.000000
0.000000
0.017063
0.036438
0.023476
0.006386
0.007175
0.001452
0.000000
0.000000
0.000000
0.010251
0.024714
0.019461
0.006934
0.005221
0.000215
0.000000
0.000000
0.000000
0.009321
0.004682
0.010778
0.016316
0.056008
0.009013
0.000000
0.000000
0.000000
0.003506
0.003412
0.007083
0.010334
0.058930
0.015611
0.000000
0.000000
0.000000
0.003225
0.001220
0.001713
0.003644
0.053197
0.026593
0.000000
0.000000
0.000000
0.001359
0.001317
0.001640
0.004926
0.063674
0.031682
0.000000
0.000000
0.000000
0.001110
0.002606
0.003126
0.007559
0.037698
0.009804
0.000000
0.000000
0.000000
0.006024
0.012579
0.011622
0.013992
0.010959
0.000389
0.000000
0.000000
0.000000
0.001359
0.001317
0.001640
0.004926
0.063674
0.031682
0.000000
0.000000
0.000000
0.001632
0.001637
0.004172
0.007446
0.054614
0.019876
0.000000
0.000000
0.000000
0.006024
0.012579
0.011622
0.013992
0.010959
0.000389
0.000000
0.000000
0.000000
0.000764
0.005688
0.016894
0.025749
0.007479
0.000272
0.000000
0.000000
0.000000
0.001632
0.001637
0.004172
0.007446
0.054614
0.019876
0.000000
0.000000
0.000000
0.009520
0.014886
0.023345
0.028075
0.034481
0.006259
0.000000
0.000000
0.000000
0.000764
0.005688
0.016894
0.025749
0.007479
0.000272
0.000000
0.000000
0.000000
0.000751
0.004074
0.011346
0.026021
0.019017
0.001907
0.000000
0.000000
0.000000
0.009520
0.014886
0.023345
0.028075
0.034481
0.006259
0.000000
0.000000
0.000000
0.007244
0.008136
0.004487
0.014633
0.090789
0.015997
0.000000
0.000000
0.000000
0.000751
0.004074
0.011346
0.026021
0.019017
0.001907
0.000000
0.000000
0.000000
0.002618
0.001903
0.005343
0.019244
0.019718
0.002844
0.000000
0.000000
0.000000
0.007244
0.008136
0.004487
0.014633
0.090789
0.015997
0.000000
0.000000
0.000000
0.008533
0.012112
0.010168
0.023202
0.038043
0.005608
0.000000
0.000000
0.000000
0.002618
0.001903
0.005343
0.019244
0.019718
0.002844
0.000000
0.000000
0.000000
0.007234
0.011139
0.019101
0.036007
0.025418
0.001188
0.000000
0.000000
0.000000
0.008533
0.012112
0.010168
0.023202
0.038043
0.005608
0.000000
0.000000
0.000000
0.008088
0.005432
0.011445
0.024455
0.039319
0.008237
0.000000
0.000000
0.000000
0.007234
0.011139
0.019101
0.036007
0.025418
0.001188
0.000000
0.000000
0.000000
0.002844
0.012516
0.020031
0.042855
0.017505
0.000323
0.000000
0.000000
0.000000
0.008088
0.005432
0.011445
0.024455
0.039319
0.008237
0.000000
0.000000
0.000000
0.011632
0.024216
0.017945
0.024694
0.027374
0.003392
0.000000
0.000000
0.000000
0.002844
0.012516
0.020031
0.042855
0.017505
0.000323
0.000000
0.000000
0.000000
0.000707
0.005791
0.011801
0.017851
0.013086
0.002031
0.000000
0.000000
0.000000
0.011632
0.024216
0.017945
0.024694
0.027374
0.003392
0.000000
0.000000
0.000000
0.006856
0.016425
0.013460
0.020298
0.017459
0.001535
0.000000
0.000000
0.000000
0.000707
0.005791
0.011801
0.017851
0.013086
0.002031
0.000000
0.000000
0.000000
0.002195
0.003143
0.006982
0.014047
0.018186
0.002559
0.000000
0.000000
0.000000
0.006856
0.016425
0.013460
0.020298
0.017459
0.001535
0.000000
0.000000
0.000000
0.005419
0.009987
0.012182
0.039057
0.046189
0.006131
0.000000
0.000000
0.000000
0.002195
0.003143
0.006982
0.014047
0.018186
0.002559
0.000000
0.000000
0.000000
0.002726
0.010341
0.010060
0.014551
0.022367
0.003023
0.000000
0.000000
0.000000
0.005419
0.009987
0.012182
0.039057
0.046189
0.006131
0.000000
0.000000
0.000000
0.009321
0.004682
0.010778
0.016316
0.056008
0.009013
0.000000
0.000000
0.000000
0.002726
0.010341
0.010060
0.014551
0.022367
0.003023
0.000000
0.000000
0.000000
0.022881
0.036558
0.029763
0.008051
0.004980
0.000702
0.000000
0.000000
0.000000
0.009321
0.004682
0.010778
0.016316
0.056008
0.009013
0.000000
0.000000
0.000000
0.003506
0.003412
0.007083
0.010334
0.058930
0.015611
0.000000
0.000000
0.000000
0.022881
0.036558
0.029763
0.008051
0.004980
0.000702
0.000000
0.000000
0.000000
0.006971
0.012449
0.021613
0.015599
0.009550
0.001089
0.000000
0.000000
0.000000
0.001110
0.002606
0.003126
0.007559
0.037698
0.009804
0.000000
0.000000
0.000000
0.006024
0.012579
0.011622
0.013992
0.010959
0.000389
0.000000
0.000000
0.000000
0.000681
0.004391
0.004505
0.006401
0.027315
0.006976
0.000000
0.000000
0.000000
0.002125
0.005782
0.008618
0.006761
0.028430
0.006032
0.000000
0.000000
0.000000
0.006024
0.012579
0.011622
0.013992
0.010959
0.000389
0.000000
0.000000
0.000000
0.000764
0.005688
0.016894
0.025749
0.007479
0.000272
0.000000
0.000000
0.000000
0.002125
0.005782
0.008618
0.006761
0.028430
0.006032
0.000000
0.000000
0.000000
0.001652
0.001434
0.002143
0.003665
0.014075
0.004148
0.000000
0.000000
0.000000
0.000764
0.005688
0.016894
0.025749
0.007479
0.000272
0.000000
0.000000
0.000000
0.000751
0.004074
0.011346
0.026021
0.019017
0.001907
0.000000
0.000000
0.000000
0.001652
0.001434
0.002143
0.003665
0.014075
0.004148
0.000000
0.000000
0.000000
0.000171
0.001546
0.004509
0.009304
0.012989
0.001520
0.000000
0.000000
0.000000
0.000751
0.004074
0.011346
0.026021
0.019017
0.001907
0.000000
0.000000
0.000000
0.002618
0.001903
0.005343
0.019244
0.019718
0.002844
0.000000
0.000000
0.000000
0.000171
0.001546
0.004509
0.009304
0.012989
0.001520
0.000000
0.000000
0.000000
0.001256
0.004505
0.008270
0.009974
0.029448
0.005887
0.000000
0.000000
0.000000
0.002618
0.001903
0.005343
0.019244
0.019718
0.002844
0.000000
0.000000
0.000000
0.007234
0.011139
0.019101
0.036007
0.025418
0.001188
0.000000
0.000000
0.000000
0.001256
0.004505
0.008270
0.009974
0.029448
0.005887
0.000000
0.000000
0.000000
0.001045
0.000771
0.009672
0.021605
0.081765
0.018069
0.000000
0.000000
0.000000
0.007234
0.011139
0.019101
0.036007
0.025418
0.001188
0.000000
0.000000
0.000000
0.002844
0.012516
0.020031
0.042855
0.017505
0.000323
0.000000
0.000000
0.000000
0.001045
0.000771
0.009672
0.021605
0.081765
0.018069
0.000000
0.000000
0.000000
0.000259
0.000693
0.001640
0.014534
0.116250
0.037946
0.000000
0.000000
0.000000
0.002844
0.012516
0.020031
0.042855
0.017505
0.000323
0.000000
0.000000
0.000000
0.000707
0.005791
0.011801
0.017851
0.013086
0.002031
0.000000
0.000000
0.000000
0.000259
0.000693
0.001640
0.014534
0.116250
0.037946
0.000000
0.000000
0.000000
0.000760
0.002362
0.005481
0.010097
0.104661
0.026994
0.000000
0.000000
0.000000
0.000707
0.005791
0.011801
0.017851
0.013086
0.002031
0.000000
0.000000
0.000000
0.002195
0.003143
0.006982
0.014047
0.018186
0.002559
0.000000
0.000000
0.000000
0.000760
0.002362
0.005481
0.010097
0.104661
0.026994
0.000000
0.000000
0.000000
0.013971
0.024194
0.017960
0.018022
0.015629
0.001976
0.000000
0.000000
0.000000
0.002195
0.003143
0.006982
0.014047
0.018186
0.002559
0.000000
0.000000
0.000000
0.002726
0.010341
0.010060
0.014551
0.022367
0.003023
0.000000
0.000000
0.000000
0.013971
0.024194
0.017960
0.018022
0.015629
0.001976
0.000000
0.000000
0.000000
0.005794
0.011637
0.005099
0.010600
0.017166
0.003179
0.000000
0.000000
0.000000
0.002726
0.010341
0.010060
0.014551
0.022367
0.003023
0.000000
0.000000
0.000000
0.022881
0.036558
0.029763
0.008051
0.004980
0.000702
0.000000
0.000000
0.000000
0.005794
0.011637
0.005099
0.010600
0.017166
0.003179
0.000000
0.000000
0.000000
0.038478
0.075977
0.024103
0.003640
0.003442
0.000134
0.000000
0.000000
0.000000
0.022881
0.036558
0.029763
0.008051
0.004980
0.000702
0.000000
0.000000
0.000000
0.006971
0.012449
0.021613
0.015599
0.009550
0.001089
0.000000
0.000000
0.000000
0.038478
0.075977
0.024103
0.003640
0.003442
0.000134
0.000000
0.000000
0.000000
0.004210
0.010142
0.008556
0.006317
0.001596
0.000000
0.000000
0.000000
0.000000
0.000681
0.004391
0.004505
0.006401
0.027315
0.006976
0.000000
0.000000
0.000000
0.002125
0.005782
0.008618
0.006761
0.028430
0.006032
0.000000
0.000000
0.000000
0.000214
0.000000
0.000108
0.001973
0.023015
0.011210
0.000000
0.000000
0.000000
0.000641
0.000000
0.000304
0.005748
0.022052
0.006660
0.000000
0.000000
0.000000
0.002125
0.005782
0.008618
0.006761
0.028430
0.006032
0.000000
0.000000
0.000000
0.001652
0.001434
0.002143
0.003665
0.014075
0.004148
0.000000
0.000000
0.000000
0.000641
0.000000
0.000304
0.005748
0.022052
0.006660
0.000000
0.000000
0.000000
0.001292
0.000606
0.001124
0.007633
0.025778
0.006951
0.000000
0.000000
0.000000
0.001652
0.001434
0.002143
0.003665
0.014075
0.004148
0.000000
0.000000
0.000000
0.000171
0.001546
0.004509
0.009304
0.012989
0.001520
0.000000
0.000000
0.000000
0.001292
0.000606
0.001124
0.007633
0.025778
0.006951
0.000000
0.000000
0.000000
0.004530
0.001262
0.000861
0.003362
0.021869
0.008388
0.000000
0.000000
0.000000
0.000171
0.001546
0.004509
0.009304
0.012989
0.001520
0.000000
0.000000
0.000000
0.001256
0.004505
0.008270
0.009974
0.029448
0.005887
0.000000
0.000000
0.000000
0.004530
0.001262
0.000861
0.003362
0.021869
0.008388
0.000000
0.000000
0.000000
0.004228
0.001495
0.000489
0.003576
0.025077
0.011819
0.000000
0.000000
0.000000
0.001256
0.004505
0.008270
0.009974
0.029448
0.005887
0.000000
0.000000
0.000000
0.001045
0.000771
0.009672
0.021605
0.081765
0.018069
0.000000
0.000000
0.000000
0.004228
0.001495
0.000489
0.003576
0.025077
0.011819
0.000000
0.000000
0.000000
0.002572
0.004634
0.005843
0.010787
0.058276
0.013536
0.000000
0.000000
0.000000
0.001045
0.000771
0.009672
0.021605
0.081765
0.018069
0.000000
0.000000
0.000000
0.000259
0.000693
0.001640
0.014534
0.116250
0.037946
0.000000
0.000000
0.000000
0.002572
0.004634
0.005843
0.010787
0.058276
0.013536
0.000000
0.000000
0.000000
0.002933
0.002194
0.003713
0.010911
0.069255
0.013575
0.000000
0.000000
0.000000
0.000259
0.000693
0.001640
0.014534
0.116250
0.037946
0.000000
0.000000
0.000000
0.000760
0.002362
0.005481
0.010097
0.104661
0.026994
0.000000
0.000000
0.000000
0.002933
0.002194
0.003713
0.010911
0.069255
0.013575
0.000000
0.000000
0.000000
0.003229
0.001486
0.001367
0.011864
0.048656
0.011472
0.000000
0.000000
0.000000
0.000760
0.002362
0.005481
0.010097
0.104661
0.026994
0.000000
0.000000
0.000000
0.013971
0.024194
0.017960
0.018022
0.015629
0.001976
0.000000
0.000000
0.000000
0.003229
0.001486
0.001367
0.011864
0.048656
0.011472
0.000000
0.000000
0.000000
0.010840
0.029191
0.016122
0.019120
0.037755
0.004512
0.000000
0.000000
0.000000
0.013971
0.024194
0.017960
0.018022
0.015629
0.001976
0.000000
0.000000
0.000000
0.005794
0.011637
0.005099
0.010600
0.017166
0.003179
0.000000
0.000000
0.000000
0.010840
0.029191
0.016122
0.019120
0.037755
0.004512
0.000000
0.000000
0.000000
0.002118
0.003944
0.006803
0.022382
0.033776
0.003283
0.000000
0.000000
0.000000
0.005794
0.011637
0.005099
0.010600
0.017166
0.003179
0.000000
0.000000
0.000000
0.038478
0.075977
0.024103
0.003640
0.003442
0.000134
0.000000
0.000000
0.000000
0.002118
0.003944
0.006803
0.022382
0.033776
0.003283
0.000000
0.000000
0.000000
0.004519
0.040139
0.033530
0.013301
0.032157
0.006740
0.000000
0.000000
0.000000
0.038478
0.075977
0.024103
0.003640
0.003442
0.000134
0.000000
0.000000
0.000000
0.004210
0.010142
0.008556
0.006317
0.001596
0.000000
0.000000
0.000000
0.000000
0.004519
0.040139
0.033530
0.013301
0.032157
0.006740
0.000000
0.000000
0.000000
0.003173
0.002331
0.003480
0.007136
0.027119
0.006295
0.000000
0.000000
0.000000
0.000214
0.000000
0.000108
0.001973
0.023015
0.011210
0.000000
0.000000
0.000000
0.000641
0.000000
0.000304
0.005748
0.022052
0.006660
0.000000
0.000000
0.000000
0.001889
0.001513
0.001730
0.001445
0.001105
0.000131
0.000000
0.000000
0.000000
0.000921
0.003223
0.005052
0.007071
0.003183
0.000045
0.000000
0.000000
0.000000
0.000641
0.000000
0.000304
0.005748
0.022052
0.006660
0.000000
0.000000
0.000000
0.001292
0.000606
0.001124
0.007633
0.025778
0.006951
0.000000
0.000000
0.000000
0.000921
0.003223
0.005052
0.007071
0.003183
0.000045
0.000000
0.000000
0.000000
0.000402
0.002794
0.009101
0.025357
0.032439
0.004587
0.000000
0.000000
0.000000
0.001292
0.000606
0.001124
0.007633
0.025778
0.006951
0.000000
0.000000
0.000000
0.004530
0.001262
0.000861
0.003362
0.021869
0.008388
0.000000
0.000000
0.000000
0.000402
0.002794
0.009101
0.025357
0.032439
0.004587
0.000000
0.000000
0.000000
0.000553
0.001563
0.008923
0.017374
0.011061
0.001912
0.000000
0.000000
0.000000
0.004530
0.001262
0.000861
0.003362
0.021869
0.008388
0.000000
0.000000
0.000000
0.004228
0.001495
0.000489
0.003576
0.025077
0.011819
0.000000
0.000000
0.000000
0.000553
0.001563
0.008923
0.017374
0.011061
0.001912
0.000000
0.000000
0.000000
0.002358
0.000493
0.001175
0.002615
0.013432
0.004099
0.000000
0.000000
0.000000
0.004228
0.001495
0.000489
0.003576
0.025077
0.011819
0.000000
0.000000
0.000000
0.002572
0.004634
0.005843
0.010787
0.058276
0.013536
0.000000
0.000000
0.000000
0.002358
0.000493
0.001175
0.002615
0.013432
0.004099
0.000000
0.000000
0.000000
0.000418
0.000978
0.000606
0.002418
0.010384
0.003338
0.000000
0.000000
0.000000
0.002572
0.004634
0.005843
0.010787
0.058276
0.013536
0.000000
0.000000
0.000000
0.002933
0.002194
0.003713
0.010911
0.069255
0.013575
0.000000
0.000000
0.000000
0.000418
0.000978
0.000606
0.002418
0.010384
0.003338
0.000000
0.000000
0.000000
0.008047
0.013980
0.016271
0.012131
0.008204
0.001421
0.000000
0.000000
0.000000
0.002933
0.002194
0.003713
0.010911
0.069255
0.013575
0.000000
0.000000
0.000000
0.003229
0.001486
0.001367
0.011864
0.048656
0.011472
0.000000
0.000000
0.000000
0.008047
0.013980
0.016271
0.012131
0.008204
0.001421
0.000000
0.000000
0.000000
0.001418
0.008398
0.022217
0.035937
0.084935
0.016449
0.000000
0.000000
0.000000
0.003229
0.001486
0.001367
0.011864
0.048656
0.011472
0.000000
0.000000
0.000000
0.010840
0.029191
0.016122
0.019120
0.037755
0.004512
0.000000
0.000000
0.000000
0.001418
0.008398
0.022217
0.035937
0.084935
0.016449
0.000000
0.000000
0.000000
0.017869
0.019759
0.010475
0.009306
0.014362
0.002386
0.000000
0.000000
0.000000
0.010840
0.029191
0.016122
0.019120
0.037755
0.004512
0.000000
0.000000
0.000000
0.002118
0.003944
0.006803
0.022382
0.033776
0.003283
0.000000
0.000000
0.000000
0.017869
0.019759
0.010475
0.009306
0.014362
0.002386
0.000000
0.000000
0.000000
0.002963
0.001118
0.004274
0.003587
0.033866
0.013318
0.000000
0.000000
0.000000
0.002118
0.003944
0.006803
0.022382
0.033776
0.003283
0.000000
0.000000
0.000000
0.004519
0.040139
0.033530
0.013301
0.032157
0.006740
0.000000
0.000000
0.000000
0.002963
0.001118
0.004274
0.003587
0.033866
0.013318
0.000000
0.000000
0.000000
0.001116
0.000222
0.000607
0.001666
0.037495
0.015955
0.000000
0.000000
0.000000
0.004519
0.040139
0.033530
0.013301
0.032157
0.006740
0.000000
0.000000
0.000000
0.003173
0.002331
0.003480
0.007136
0.027119
0.006295
0.000000
0.000000
0.000000
0.001116
0.000222
0.000607
0.001666
0.037495
0.015955
0.000000
0.000000
0.000000
0.000570
0.000050
0.000448
0.001562
0.027223
0.016119
0.000000
0.000000
0.000000
