0.000655
0.009593
0.062978
0.051074
0.039822
0.005364
0.000000
0.000000
0.000000
0.008681
0.020294
0.018576
0.030416
0.016988
0.003021
0.000000
0.000000
0.000000
0.009909
0.023920
0.037556
0.017410
0.018176
0.001653
0.000000
0.000000
0.000000
0.016074
0.025952
0.040205
0.034621
0.021955
0.004142
0.000000
0.000000
0.000000
0.008681
0.020294
0.018576
0.030416
0.016988
0.003021
0.000000
0.000000
0.000000
0.007586
0.012224
0.008725
0.004766
0.005016
0.000354
0.000000
0.000000
0.000000
0.016074
0.025952
0.040205
0.034621
0.021955
0.004142
0.000000
0.000000
0.000000
0.015991
0.019309
0.017595
0.010251
0.013785
0.000222
0.000000
0.000000
0.000000
0.007586
0.012224
0.008725
0.004766
0.005016
0.000354
0.000000
0.000000
0.000000
0.009171
0.010195
0.010179
0.004494
0.004165
0.000348
0.000000
0.000000
0.000000
0.015991
0.019309
0.017595
0.010251
0.013785
0.000222
0.000000
0.000000
0.000000
0.006944
0.012749
0.008938
0.013301
0.008817
0.000765
0.000000
0.000000
0.000000
0.009171
0.010195
0.010179
0.004494
0.004165
0.000348
0.000000
0.000000
0.000000
0.003869
0.010222
0.010064
0.004132
0.001784
0.000101
0.000000
0.000000
0.000000
0.006944
0.012749
0.008938
0.013301
0.008817
0.000765
0.000000
0.000000
0.000000
0.007587
0.011510
0.005209
0.007043
0.005113
0.000392
0.000000
0.000000
0.000000
0.003869
0.010222
0.010064
0.004132
0.001784
0.000101
0.000000
0.000000
0.000000
0.002582
0.003884
0.005221
0.006135
0.004045
0.000184
0.000000
0.000000
0.000000
0.007587
0.011510
0.005209
0.007043
0.005113
0.000392
0.000000
0.000000
0.000000
0.006430
0.013050
0.007963
0.006009
0.003869
0.000122
0.000000
0.000000
0.000000
0.002582
0.003884
0.005221
0.006135
0.004045
0.000184
0.000000
0.000000
0.000000
0.002047
0.009510
0.010501
0.015219
0.010837
0.001534
0.000000
0.000000
0.000000
0.006430
0.013050
0.007963
0.006009
0.003869
0.000122
0.000000
0.000000
0.000000
0.002535
0.013819
0.008507
0.009062
0.004476
0.000271
0.000000
0.000000
0.000000
0.002047
0.009510
0.010501
0.015219
0.010837
0.001534
0.000000
0.000000
0.000000
0.002838
0.010456
0.009422
0.007668
0.003345
0.000101
0.000000
0.000000
0.000000
0.002535
0.013819
0.008507
0.009062
0.004476
0.000271
0.000000
0.000000
0.000000
0.002976
0.013577
0.013442
0.011301
0.010144
0.001018
0.000000
0.000000
0.000000
0.002838
0.010456
0.009422
0.007668
0.003345
0.000101
0.000000
0.000000
0.000000
0.001302
0.005013
0.008322
0.008050
0.005734
0.000688
0.000000
0.000000
0.000000
0.002976
0.013577
0.013442
0.011301
0.010144
0.001018
0.000000
0.000000
0.000000
0.004009
0.010463
0.004390
0.006738
0.005085
0.000313
0.000000
0.000000
0.000000
0.001302
0.005013
0.008322
0.008050
0.005734
0.000688
0.000000
0.000000
0.000000
0.001885
0.004650
0.008698
0.009424
0.004140
0.000216
0.000000
0.000000
0.000000
0.004009
0.010463
0.004390
0.006738
0.005085
0.000313
0.000000
0.000000
0.000000
0.008599
0.017327
0.009708
0.008464
0.007760
0.000789
0.000000
0.000000
0.000000
0.001885
0.004650
0.008698
0.009424
0.004140
0.000216
0.000000
0.000000
0.000000
0.002347
0.004417
0.008322
0.005036
0.007725
0.000602
0.000000
0.000000
0.000000
0.008599
0.017327
0.009708
0.008464
0.007760
0.000789
0.000000
0.000000
0.000000
0.002582
0.009494
0.007208
0.004629
0.003102
0.000300
0.000000
0.000000
0.000000
0.002347
0.004417
0.008322
0.005036
0.007725
0.000602
0.000000
0.000000
0.000000
0.001528
0.004431
0.004441
0.003642
0.004975
0.000318
0.000000
0.000000
0.000000
0.002582
0.009494
0.007208
0.004629
0.003102
0.000300
0.000000
0.000000
0.000000
0.004857
0.008059
0.006368
0.004828
0.006099
0.000670
0.000000
0.000000
0.000000
0.009909
0.023920
0.037556
0.017410
0.018176
0.001653
0.000000
0.000000
0.000000
0.016074
0.025952
0.040205
0.034621
0.021955
0.004142
0.000000
0.000000
0.000000
0.004958
0.011806
0.015881
0.019189
0.010500
0.001621
0.000000
0.000000
0.000000
0.007514
0.013537
0.021494
0.010770
0.013138
0.001587
0.000000
0.000000
0.000000
0.016074
0.025952
0.040205
0.034621
0.021955
0.004142
0.000000
0.000000
0.000000
0.015991
0.019309
0.017595
0.010251
0.013785
0.000222
0.000000
0.000000
0.000000
0.007514
0.013537
0.021494
0.010770
0.013138
0.001587
0.000000
0.000000
0.000000
0.006063
0.017218
0.020703
0.010291
0.005546
0.000309
0.000000
0.000000
0.000000
0.015991
0.019309
0.017595
0.010251
0.013785
0.000222
0.000000
0.000000
0.000000
0.006944
0.012749
0.008938
0.013301
0.008817
0.000765
0.000000
0.000000
0.000000
0.006063
0.017218
0.020703
0.010291
0.005546
0.000309
0.000000
0.000000
0.000000
0.009609
0.017745
0.018142
0.022007
0.009223
0.001089
0.000000
0.000000
0.000000
0.006944
0.012749
0.008938
0.013301
0.008817
0.000765
0.000000
0.000000
0.000000
0.007587
0.011510
0.005209
0.007043
0.005113
0.000392
0.000000
0.000000
0.000000
0.009609
0.017745
0.018142
0.022007
0.009223
0.001089
0.000000
0.000000
0.000000
0.011707
0.018335
0.005935
0.007514
0.012007
0.001493
0.000000
0.000000
0.000000
0.007587
0.011510
0.005209
0.007043
0.005113
0.000392
0.000000
0.000000
0.000000
0.006430
0.013050
0.007963
0.006009
0.003869
0.000122
0.000000
0.000000
0.000000
0.011707
0.018335
0.005935
0.007514
0.012007
0.001493
0.000000
0.000000
0.000000
0.012888
0.024589
0.009106
0.005621
0.006273
0.000638
0.000000
0.000000
0.000000
0.006430
0.013050
0.007963
0.006009
0.003869
0.000122
0.000000
0.000000
0.000000
0.002535
0.013819
0.008507
0.009062
0.004476
0.000271
0.000000
0.000000
0.000000
0.012888
0.024589
0.009106
0.005621
0.006273
0.000638
0.000000
0.000000
0.000000
0.005347
0.014451
0.020697
0.015102
0.005579
0.000324
0.000000
0.000000
0.000000
0.002535
0.013819
0.008507
0.009062
0.004476
0.000271
0.000000
0.000000
0.000000
0.002976
0.013577
0.013442
0.011301
0.010144
0.001018
0.000000
0.000000
0.000000
0.005347
0.014451
0.020697
0.015102
0.005579
0.000324
0.000000
0.000000
0.000000
0.001073
0.005590
0.011031
0.007593
0.004350
0.000204
0.000000
0.000000
0.000000
0.002976
0.013577
0.013442
0.011301
0.010144
0.001018
0.000000
0.000000
0.000000
0.004009
0.010463
0.004390
0.006738
0.005085
0.000313
0.000000
0.000000
0.000000
0.001073
0.005590
0.011031
0.007593
0.004350
0.000204
0.000000
0.000000
0.000000
0.000801
0.002301
0.006931
0.010261
0.005675
0.000471
0.000000
0.000000
0.000000
0.004009
0.010463
0.004390
0.006738
0.005085
0.000313
0.000000
0.000000
0.000000
0.008599
0.017327
0.009708
0.008464
0.007760
0.000789
0.000000
0.000000
0.000000
0.000801
0.002301
0.006931
0.010261
0.005675
0.000471
0.000000
0.000000
0.000000
0.004731
0.007535
0.009187
0.006323
0.009089
0.001051
0.000000
0.000000
0.000000
0.008599
0.017327
0.009708
0.008464
0.007760
0.000789
0.000000
0.000000
0.000000
0.002582
0.009494
0.007208
0.004629
0.003102
0.000300
0.000000
0.000000
0.000000
0.004731
0.007535
0.009187
0.006323
0.009089
0.001051
0.000000
0.000000
0.000000
0.002267
0.004570
0.005551
0.006426
0.005375
0.000482
0.000000
0.000000
0.000000
0.002582
0.009494
0.007208
0.004629
0.003102
0.000300
0.000000
0.000000
0.000000
0.004857
0.008059
0.006368
0.004828
0.006099
0.000670
0.000000
0.000000
0.000000
0.002267
0.004570
0.005551
0.006426
0.005375
0.000482
0.000000
0.000000
0.000000
0.003380
0.007603
0.006384
0.004761
0.009210
0.001217
0.000000
0.000000
0.000000
0.004958
0.011806
0.015881
0.019189
0.010500
0.001621
0.000000
0.000000
0.000000
0.007514
0.013537
0.021494
0.010770
0.013138
0.001587
0.000000
0.000000
0.000000
0.004853
0.005843
0.007468
0.005394
0.006122
0.001294
0.000000
0.000000
0.000000
0.007809
0.023209
0.010546
0.007786
0.003363
0.000029
0.000000
0.000000
0.000000
0.007514
0.013537
0.021494
0.010770
0.013138
0.001587
0.000000
0.000000
0.000000
0.006063
0.017218
0.020703
0.010291
0.005546
0.000309
0.000000
0.000000
0.000000
0.007809
0.023209
0.010546
0.007786
0.003363
0.000029
0.000000
0.000000
0.000000
0.013697
0.020685
0.013320
0.004073
0.005774
0.000315
0.000000
0.000000
0.000000
0.006063
0.017218
0.020703
0.010291
0.005546
0.000309
0.000000
0.000000
0.000000
0.009609
0.017745
0.018142
0.022007
0.009223
0.001089
0.000000
0.000000
0.000000
0.013697
0.020685
0.013320
0.004073
0.005774
0.000315
0.000000
0.000000
0.000000
0.002807
0.009508
0.021561
0.015890
0.010121
0.001023
0.000000
0.000000
0.000000
0.009609
0.017745
0.018142
0.022007
0.009223
0.001089
0.000000
0.000000
0.000000
0.011707
0.018335
0.005935
0.007514
0.012007
0.001493
0.000000
0.000000
0.000000
0.002807
0.009508
0.021561
0.015890
0.010121
0.001023
0.000000
0.000000
0.000000
0.004039
0.027498
0.022200
0.005840
0.001545
0.000000
0.000000
0.000000
0.000000
0.011707
0.018335
0.005935
0.007514
0.012007
0.001493
0.000000
0.000000
0.000000
0.012888
0.024589
0.009106
0.005621
0.006273
0.000638
0.000000
0.000000
0.000000
0.004039
0.027498
0.022200
0.005840
0.001545
0.000000
0.000000
0.000000
0.000000
0.006163
0.019802
0.024290
0.023454
0.012299
0.001602
0.000000
0.000000
0.000000
0.012888
0.024589
0.009106
0.005621
0.006273
0.000638
0.000000
0.000000
0.000000
0.005347
0.014451
0.020697
0.015102
0.005579
0.000324
0.000000
0.000000
0.000000
0.006163
0.019802
0.024290
0.023454
0.012299
0.001602
0.000000
0.000000
0.000000
0.012786
0.026428
0.020637
0.010533
0.002470
0.000000
0.000000
0.000000
0.000000
0.005347
0.014451
0.020697
0.015102
0.005579
0.000324
0.000000
0.000000
0.000000
0.001073
0.005590
0.011031
0.007593
0.004350
0.000204
0.000000
0.000000
0.000000
0.012786
0.026428
0.020637
0.010533
0.002470
0.000000
0.000000
0.000000
0.000000
0.006300
0.012230
0.016172
0.008397
0.004884
0.000345
0.000000
0.000000
0.000000
0.001073
0.005590
0.011031
0.007593
0.004350
0.000204
0.000000
0.000000
0.000000
0.000801
0.002301
0.006931
0.010261
0.005675
0.000471
0.000000
0.000000
0.000000
0.006300
0.012230
0.016172
0.008397
0.004884
0.000345
0.000000
0.000000
0.000000
0.004423
0.010199
0.011051
0.006182
0.005377
0.000896
0.000000
0.000000
0.000000
0.000801
0.002301
0.006931
0.010261
0.005675
0.000471
0.000000
0.000000
0.000000
0.004731
0.007535
0.009187
0.006323
0.009089
0.001051
0.000000
0.000000
0.000000
0.004423
0.010199
0.011051
0.006182
0.005377
0.000896
0.000000
0.000000
0.000000
0.004899
0.008668
0.014239
0.010456
0.004506
0.000531
0.000000
0.000000
0.000000
0.004731
0.007535
0.009187
0.006323
0.009089
0.001051
0.000000
0.000000
0.000000
0.002267
0.004570
0.005551
0.006426
0.005375
0.000482
0.000000
0.000000
0.000000
0.004899
0.008668
0.014239
0.010456
0.004506
0.000531
0.000000
0.000000
0.000000
0.005276
0.012232
0.018261
0.009139
0.003622
0.000269
0.000000
0.000000
0.000000
0.002267
0.004570
0.005551
0.006426
0.005375
0.000482
0.000000
0.000000
0.000000
0.003380
0.007603
0.006384
0.004761
0.009210
0.001217
0.000000
0.000000
0.000000
0.005276
0.012232
0.018261
0.009139
0.003622
0.000269
0.000000
0.000000
0.000000
0.001373
0.003908
0.016773
0.018397
0.027512
0.003571
0.000000
0.000000
0.000000
0.004853
0.005843
0.007468
0.005394
0.006122
0.001294
0.000000
0.000000
0.000000
0.007809
0.023209
0.010546
0.007786
0.003363
0.000029
0.000000
0.000000
0.000000
0.010781
0.015341
0.008212
0.005849
0.002438
0.000416
0.000000
0.000000
0.000000
0.005665
0.011379
0.008283
0.011441
0.007056
0.000230
0.000000
0.000000
0.000000
0.007809
0.023209
0.010546
0.007786
0.003363
0.000029
0.000000
0.000000
0.000000
0.013697
0.020685
0.013320
0.004073
0.005774
0.000315
0.000000
0.000000
0.000000
0.005665
0.011379
0.008283
0.011441
0.007056
0.000230
0.000000
0.000000
0.000000
0.017492
0.016280
0.011276
0.016393
0.008531
0.001301
0.000000
0.000000
0.000000
0.013697
0.020685
0.013320
0.004073
0.005774
0.000315
0.000000
0.000000
0.000000
0.002807
0.009508
0.021561
0.015890
0.010121
0.001023
0.000000
0.000000
0.000000
0.017492
0.016280
0.011276
0.016393
0.008531
0.001301
0.000000
0.000000
0.000000
0.006377
0.012962
0.006285
0.009375
0.007516
0.002270
0.000000
0.000000
0.000000
0.002807
0.009508
0.021561
0.015890
0.010121
0.001023
0.000000
0.000000
0.000000
0.004039
0.027498
0.022200
0.005840
0.001545
0.000000
0.000000
0.000000
0.000000
0.006377
0.012962
0.006285
0.009375
0.007516
0.002270
0.000000
0.000000
0.000000
0.015021
0.030616
0.014173
0.013179
0.004844
0.000170
0.000000
0.000000
0.000000
0.004039
0.027498
0.022200
0.005840
0.001545
0.000000
0.000000
0.000000
0.000000
0.006163
0.019802
0.024290
0.023454
0.012299
0.001602
0.000000
0.000000
0.000000
0.015021
0.030616
0.014173
0.013179
0.004844
0.000170
0.000000
0.000000
0.000000
0.001281
0.006239
0.016254
0.025551
0.022886
0.001850
0.000000
0.000000
0.000000
0.006163
0.019802
0.024290
0.023454
0.012299
0.001602
0.000000
0.000000
0.000000
0.012786
0.026428
0.020637
0.010533
0.002470
0.000000
0.000000
0.000000
0.000000
0.001281
0.006239
0.016254
0.025551
0.022886
0.001850
0.000000
0.000000
0.000000
0.051804
0.037757
0.015189
0.008371
0.015092
0.001893
0.000000
0.000000
0.000000
0.012786
0.026428
0.020637
0.010533
0.002470
0.000000
0.000000
0.000000
0.000000
0.006300
0.012230
0.016172
0.008397
0.004884
0.000345
0.000000
0.000000
0.000000
0.051804
0.037757
0.015189
0.008371
0.015092
0.001893
0.000000
0.000000
0.000000
0.003638
0.007708
0.007144
0.013150
0.007440
0.000346
0.000000
0.000000
0.000000
0.006300
0.012230
0.016172
0.008397
0.004884
0.000345
0.000000
0.000000
0.000000
0.004423
0.010199
0.011051
0.006182
0.005377
0.000896
0.000000
0.000000
0.000000
0.003638
0.007708
0.007144
0.013150
0.007440
0.000346
0.000000
0.000000
0.000000
0.004246
0.013869
0.019070
0.008429
0.002609
0.000221
0.000000
0.000000
0.000000
0.004423
0.010199
0.011051
0.006182
0.005377
0.000896
0.000000
0.000000
0.000000
0.004899
0.008668
0.014239
0.010456
0.004506
0.000531
0.000000
0.000000
0.000000
0.004246
0.013869
0.019070
0.008429
0.002609
0.000221
0.000000
0.000000
0.000000
0.009306
0.019113
0.021518
0.016308
0.007868
0.000561
0.000000
0.000000
0.000000
0.004899
0.008668
0.014239
0.010456
0.004506
0.000531
0.000000
0.000000
0.000000
0.005276
0.012232
0.018261
0.009139
0.003622
0.000269
0.000000
0.000000
0.000000
0.009306
0.019113
0.021518
0.016308
0.007868
0.000561
0.000000
0.000000
0.000000
0.011798
0.014582
0.022571
0.012248
0.006181
0.000117
0.000000
0.000000
0.000000
0.005276
0.012232
0.018261
0.009139
0.003622
0.000269
0.000000
0.000000
0.000000
0.001373
0.003908
0.016773
0.018397
0.027512
0.003571
0.000000
0.000000
0.000000
0.011798
0.014582
0.022571
0.012248
0.006181
0.000117
0.000000
0.000000
0.000000
0.015393
0.028151
0.025149
0.016320
0.026012
0.003949
0.000000
0.000000
0.000000
0.010781
0.015341
0.008212
0.005849
0.002438
0.000416
0.000000
0.000000
0.000000
0.005665
0.011379
0.008283
0.011441
0.007056
0.000230
0.000000
0.000000
0.000000
0.008788
0.013446
0.006212
0.006734
0.003580
0.000195
0.000000
0.000000
0.000000
0.003293
0.005576
0.009716
0.010365
0.007963
0.001096
0.000000
0.000000
0.000000
0.005665
0.011379
0.008283
0.011441
0.007056
0.000230
0.000000
0.000000
0.000000
0.017492
0.016280
0.011276
0.016393
0.008531
0.001301
0.000000
0.000000
0.000000
0.003293
0.005576
0.009716
0.010365
0.007963
0.001096
0.000000
0.000000
0.000000
0.011964
0.016964
0.010781
0.010788
0.010172
0.000760
0.000000
0.000000
0.000000
0.017492
0.016280
0.011276
0.016393
0.008531
0.001301
0.000000
0.000000
0.000000
0.006377
0.012962
0.006285
0.009375
0.007516
0.002270
0.000000
0.000000
0.000000
0.011964
0.016964
0.010781
0.010788
0.010172
0.000760
0.000000
0.000000
0.000000
0.006123
0.007498
0.013911
0.016691
0.014342
0.002557
0.000000
0.000000
0.000000
0.006377
0.012962
0.006285
0.009375
0.007516
0.002270
0.000000
0.000000
0.000000
0.015021
0.030616
0.014173
0.013179
0.004844
0.000170
0.000000
0.000000
0.000000
0.006123
0.007498
0.013911
0.016691
0.014342
0.002557
0.000000
0.000000
0.000000
0.018977
0.024140
0.018382
0.014587
0.013446
0.000724
0.000000
0.000000
0.000000
0.015021
0.030616
0.014173
0.013179
0.004844
0.000170
0.000000
0.000000
0.000000
0.001281
0.006239
0.016254
0.025551
0.022886
0.001850
0.000000
0.000000
0.000000
0.018977
0.024140
0.018382
0.014587
0.013446
0.000724
0.000000
0.000000
0.000000
0.004371
0.014677
0.015383
0.038107
0.028330
0.002868
0.000000
0.000000
0.000000
0.001281
0.006239
0.016254
0.025551
0.022886
0.001850
0.000000
0.000000
0.000000
0.051804
0.037757
0.015189
0.008371
0.015092
0.001893
0.000000
0.000000
0.000000
0.004371
0.014677
0.015383
0.038107
0.028330
0.002868
0.000000
0.000000
0.000000
0.025906
0.035879
0.015388
0.010538
0.004977
0.000141
0.000000
0.000000
0.000000
0.051804
0.037757
0.015189
0.008371
0.015092
0.001893
0.000000
0.000000
0.000000
0.003638
0.007708
0.007144
0.013150
0.007440
0.000346
0.000000
0.000000
0.000000
0.025906
0.035879
0.015388
0.010538
0.004977
0.000141
0.000000
0.000000
0.000000
0.006704
0.014050
0.016084
0.017290
0.006569
0.000591
0.000000
0.000000
0.000000
0.003638
0.007708
0.007144
0.013150
0.007440
0.000346
0.000000
0.000000
0.000000
0.004246
0.013869
0.019070
0.008429
0.002609
0.000221
0.000000
0.000000
0.000000
0.006704
0.014050
0.016084
0.017290
0.006569
0.000591
0.000000
0.000000
0.000000
0.006831
0.013973
0.022375
0.019130
0.009704
0.000938
0.000000
0.000000
0.000000
0.004246
0.013869
0.019070
0.008429
0.002609
0.000221
0.000000
0.000000
0.000000
0.009306
0.019113
0.021518
0.016308
0.007868
0.000561
0.000000
0.000000
0.000000
0.006831
0.013973
0.022375
0.019130
0.009704
0.000938
0.000000
0.000000
0.000000
0.006996
0.011585
0.013708
0.017522
0.010389
0.000945
0.000000
0.000000
0.000000
0.009306
0.019113
0.021518
0.016308
0.007868
0.000561
0.000000
0.000000
0.000000
0.011798
0.014582
0.022571
0.012248
0.006181
0.000117
0.000000
0.000000
0.000000
0.006996
0.011585
0.013708
0.017522
0.010389
0.000945
0.000000
0.000000
0.000000
0.008323
0.012767
0.013952
0.014428
0.010499
0.001131
0.000000
0.000000
0.000000
0.011798
0.014582
0.022571
0.012248
0.006181
0.000117
0.000000
0.000000
0.000000
0.015393
0.028151
0.025149
0.016320
0.026012
0.003949
0.000000
0.000000
0.000000
0.008323
0.012767
0.013952
0.014428
0.010499
0.001131
0.000000
0.000000
0.000000
0.001786
0.001837
0.011346
0.019270
0.013298
0.000908
0.000000
0.000000
0.000000
0.008788
0.013446
0.006212
0.006734
0.003580
0.000195
0.000000
0.000000
0.000000
0.003293
0.005576
0.009716
0.010365
0.007963
0.001096
0.000000
0.000000
0.000000
0.005752
0.014706
0.009942
0.006343
0.007656
0.000456
0.000000
0.000000
0.000000
0.002603
0.007936
0.014132
0.016245
0.008070
0.000687
0.000000
0.000000
0.000000
0.003293
0.005576
0.009716
0.010365
0.007963
0.001096
0.000000
0.000000
0.000000
0.011964
0.016964
0.010781
0.010788
0.010172
0.000760
0.000000
0.000000
0.000000
0.002603
0.007936
0.014132
0.016245
0.008070
0.000687
0.000000
0.000000
0.000000
0.005836
0.010514
0.011129
0.008580
0.004243
0.001014
0.000000
0.000000
0.000000
0.011964
0.016964
0.010781
0.010788
0.010172
0.000760
0.000000
0.000000
0.000000
0.006123
0.007498
0.013911
0.016691
0.014342
0.002557
0.000000
0.000000
0.000000
0.005836
0.010514
0.011129
0.008580
0.004243
0.001014
0.000000
0.000000
0.000000
0.013737
0.024347
0.012924
0.016669
0.022519
0.004097
0.000000
0.000000
0.000000
0.006123
0.007498
0.013911
0.016691
0.014342
0.002557
0.000000
0.000000
0.000000
0.018977
0.024140
0.018382
0.014587
0.013446
0.000724
0.000000
0.000000
0.000000
0.013737
0.024347
0.012924
0.016669
0.022519
0.004097
0.000000
0.000000
0.000000
0.026511
0.055611
0.036362
0.019453
0.017464
0.001949
0.000000
0.000000
0.000000
0.018977
0.024140
0.018382
0.014587
0.013446
0.000724
0.000000
0.000000
0.000000
0.004371
0.014677
0.015383
0.038107
0.028330
0.002868
0.000000
0.000000
0.000000
0.026511
0.055611
0.036362
0.019453
0.017464
0.001949
0.000000
0.000000
0.000000
0.010779
0.026156
0.029332
0.012995
0.016336
0.001575
0.000000
0.000000
0.000000
0.004371
0.014677
0.015383
0.038107
0.028330
0.002868
0.000000
0.000000
0.000000
0.025906
0.035879
0.015388
0.010538
0.004977
0.000141
0.000000
0.000000
0.000000
0.010779
0.026156
0.029332
0.012995
0.016336
0.001575
0.000000
0.000000
0.000000
0.019820
0.019996
0.020291
0.024194
0.005492
0.000556
0.000000
0.000000
0.000000
0.025906
0.035879
0.015388
0.010538
0.004977
0.000141
0.000000
0.000000
0.000000
0.006704
0.014050
0.016084
0.017290
0.006569
0.000591
0.000000
0.000000
0.000000
0.019820
0.019996
0.020291
0.024194
0.005492
0.000556
0.000000
0.000000
0.000000
0.004573
0.013913
0.013132
0.013667
0.006219
0.000955
0.000000
0.000000
0.000000
0.006704
0.014050
0.016084
0.017290
0.006569
0.000591
0.000000
0.000000
0.000000
0.006831
0.013973
0.022375
0.019130
0.009704
0.000938
0.000000
0.000000
0.000000
0.004573
0.013913
0.013132
0.013667
0.006219
0.000955
0.000000
0.000000
0.000000
0.003080
0.007737
0.017913
0.017372
0.014556
0.003179
0.000000
0.000000
0.000000
0.006831
0.013973
0.022375
0.019130
0.009704
0.000938
0.000000
0.000000
0.000000
0.006996
0.011585
0.013708
0.017522
0.010389
0.000945
0.000000
0.000000
0.000000
0.003080
0.007737
0.017913
0.017372
0.014556
0.003179
0.000000
0.000000
0.000000
0.006262
0.007308
0.015253
0.012217
0.006594
0.000952
0.000000
0.000000
0.000000
0.006996
0.011585
0.013708
0.017522
0.010389
0.000945
0.000000
0.000000
0.000000
0.008323
0.012767
0.013952
0.014428
0.010499
0.001131
0.000000
0.000000
0.000000
0.006262
0.007308
0.015253
0.012217
0.006594
0.000952
0.000000
0.000000
0.000000
0.002441
0.004274
0.008487
0.012236
0.012632
0.001764
0.000000
0.000000
0.000000
0.008323
0.012767
0.013952
0.014428
0.010499
0.001131
0.000000
0.000000
0.000000
0.001786
0.001837
0.011346
0.019270
0.013298
0.000908
0.000000
0.000000
0.000000
0.002441
0.004274
0.008487
0.012236
0.012632
0.001764
0.000000
0.000000
0.000000
0.004699
0.010215
0.006858
0.003848
0.007196
0.001629
0.000000
0.000000
0.000000
0.005752
0.014706
0.009942
0.006343
0.007656
0.000456
0.000000
0.000000
0.000000
0.002603
0.007936
0.014132
0.016245
0.008070
0.000687
0.000000
0.000000
0.000000
0.006823
0.016418
0.014451
0.013805
0.007011
0.001127
0.000000
0.000000
0.000000
0.015524
0.023073
0.018257
0.007886
0.006859
0.000832
0.000000
0.000000
0.000000
0.002603
0.007936
0.014132
0.016245
0.008070
0.000687
0.000000
0.000000
0.000000
0.005836
0.010514
0.011129
0.008580
0.004243
0.001014
0.000000
0.000000
0.000000
0.015524
0.023073
0.018257
0.007886
0.006859
0.000832
0.000000
0.000000
0.000000
0.019986
0.024793
0.018594
0.010277
0.004764
0.000392
0.000000
0.000000
0.000000
0.005836
0.010514
0.011129
0.008580
0.004243
0.001014
0.000000
0.000000
0.000000
0.013737
0.024347
0.012924
0.016669
0.022519
0.004097
0.000000
0.000000
0.000000
0.019986
0.024793
0.018594
0.010277
0.004764
0.000392
0.000000
0.000000
0.000000
0.033080
0.055918
0.024237
0.004111
0.002883
0.000338
0.000000
0.000000
0.000000
0.013737
0.024347
0.012924
0.016669
0.022519
0.004097
0.000000
0.000000
0.000000
0.026511
0.055611
0.036362
0.019453
0.017464
0.001949
0.000000
0.000000
0.000000
0.033080
0.055918
0.024237
0.004111
0.002883
0.000338
0.000000
0.000000
0.000000
0.037273
0.047573
0.030665
0.012599
0.005680
0.000000
0.000000
0.000000
0.000000
0.026511
0.055611
0.036362
0.019453
0.017464
0.001949
0.000000
0.000000
0.000000
0.010779
0.026156
0.029332
0.012995
0.016336
0.001575
0.000000
0.000000
0.000000
0.037273
0.047573
0.030665
0.012599
0.005680
0.000000
0.000000
0.000000
0.000000
0.013744
0.031486
0.018910
0.014852
0.005792
0.000112
0.000000
0.000000
0.000000
0.010779
0.026156
0.029332
0.012995
0.016336
0.001575
0.000000
0.000000
0.000000
0.019820
0.019996
0.020291
0.024194
0.005492
0.000556
0.000000
0.000000
0.000000
0.013744
0.031486
0.018910
0.014852
0.005792
0.000112
0.000000
0.000000
0.000000
0.022519
0.022799
0.004993
0.002136
0.000248
0.000000
0.000000
0.000000
0.000000
0.019820
0.019996
0.020291
0.024194
0.005492
0.000556
0.000000
0.000000
0.000000
0.004573
0.013913
0.013132
0.013667
0.006219
0.000955
0.000000
0.000000
0.000000
0.022519
0.022799
0.004993
0.002136
0.000248
0.000000
0.000000
0.000000
0.000000
0.002733
0.006709
0.009470
0.010684
0.005649
0.000664
0.000000
0.000000
0.000000
0.004573
0.013913
0.013132
0.013667
0.006219
0.000955
0.000000
0.000000
0.000000
0.003080
0.007737
0.017913
0.017372
0.014556
0.003179
0.000000
0.000000
0.000000
0.002733
0.006709
0.009470
0.010684
0.005649
0.000664
0.000000
0.000000
0.000000
0.007394
0.016520
0.013988
0.006290
0.001787
0.000224
0.000000
0.000000
0.000000
0.003080
0.007737
0.017913
0.017372
0.014556
0.003179
0.000000
0.000000
0.000000
0.006262
0.007308
0.015253
0.012217
0.006594
0.000952
0.000000
0.000000
0.000000
0.007394
0.016520
0.013988
0.006290
0.001787
0.000224
0.000000
0.000000
0.000000
0.002822
0.009473
0.017787
0.013820
0.013361
0.001782
0.000000
0.000000
0.000000
0.006262
0.007308
0.015253
0.012217
0.006594
0.000952
0.000000
0.000000
0.000000
0.002441
0.004274
0.008487
0.012236
0.012632
0.001764
0.000000
0.000000
0.000000
0.002822
0.009473
0.017787
0.013820
0.013361
0.001782
0.000000
0.000000
0.000000
0.007260
0.011118
0.018260
0.013149
0.007919
0.000395
0.000000
0.000000
0.000000
0.002441
0.004274
0.008487
0.012236
0.012632
0.001764
0.000000
0.000000
0.000000
0.004699
0.010215
0.006858
0.003848
0.007196
0.001629
0.000000
0.000000
0.000000
0.007260
0.011118
0.018260
0.013149
0.007919
0.000395
0.000000
0.000000
0.000000
0.007209
0.012033
0.008947
0.009017
0.005731
0.000738
0.000000
0.000000
0.000000
0.006823
0.016418
0.014451
0.013805
0.007011
0.001127
0.000000
0.000000
0.000000
0.015524
0.023073
0.018257
0.007886
0.006859
0.000832
0.000000
0.000000
0.000000
0.007873
0.019865
0.014492
0.010436
0.008974
0.000475
0.000000
0.000000
0.000000
0.010405
0.036448
0.023936
0.009457
0.006700
0.000477
0.000000
0.000000
0.000000
0.015524
0.023073
0.018257
0.007886
0.006859
0.000832
0.000000
0.000000
0.000000
0.019986
0.024793
0.018594
0.010277
0.004764
0.000392
0.000000
0.000000
0.000000
0.010405
0.036448
0.023936
0.009457
0.006700
0.000477
0.000000
0.000000
0.000000
0.012528
0.037739
0.036627
0.011920
0.002448
0.000184
0.000000
0.000000
0.000000
0.019986
0.024793
0.018594
0.010277
0.004764
0.000392
0.000000
0.000000
0.000000
0.033080
0.055918
0.024237
0.004111
0.002883
0.000338
0.000000
0.000000
0.000000
0.012528
0.037739
0.036627
0.011920
0.002448
0.000184
0.000000
0.000000
0.000000
0.026163
0.029550
0.016194
0.010609
0.006122
0.000107
0.000000
0.000000
0.000000
0.033080
0.055918
0.024237
0.004111
0.002883
0.000338
0.000000
0.000000
0.000000
0.037273
0.047573
0.030665
0.012599
0.005680
0.000000
0.000000
0.000000
0.000000
0.026163
0.029550
0.016194
0.010609
0.006122
0.000107
0.000000
0.000000
0.000000
0.009970
0.051021
0.064305
0.046371
0.045263
0.002440
0.000000
0.000000
0.000000
0.037273
0.047573
0.030665
0.012599
0.005680
0.000000
0.000000
0.000000
0.000000
0.013744
0.031486
0.018910
0.014852
0.005792
0.000112
0.000000
0.000000
0.000000
0.009970
0.051021
0.064305
0.046371
0.045263
0.002440
0.000000
0.000000
0.000000
0.032512
0.047952
0.032470
0.016463
0.001946
0.000512
0.000000
0.000000
0.000000
0.013744
0.031486
0.018910
0.014852
0.005792
0.000112
0.000000
0.000000
0.000000
0.022519
0.022799
0.004993
0.002136
0.000248
0.000000
0.000000
0.000000
0.000000
0.032512
0.047952
0.032470
0.016463
0.001946
0.000512
0.000000
0.000000
0.000000
0.014640
0.027782
0.015986
0.003783
0.001897
0.000009
0.000000
0.000000
0.000000
0.022519
0.022799
0.004993
0.002136
0.000248
0.000000
0.000000
0.000000
0.000000
0.002733
0.006709
0.009470
0.010684
0.005649
0.000664
0.000000
0.000000
0.000000
0.014640
0.027782
0.015986
0.003783
0.001897
0.000009
0.000000
0.000000
0.000000
0.007786
0.012553
0.012415
0.007791
0.006498
0.000740
0.000000
0.000000
0.000000
0.002733
0.006709
0.009470
0.010684
0.005649
0.000664
0.000000
0.000000
0.000000
0.007394
0.016520
0.013988
0.006290
0.001787
0.000224
0.000000
0.000000
0.000000
0.007786
0.012553
0.012415
0.007791
0.006498
0.000740
0.000000
0.000000
0.000000
0.004052
0.009731
0.010980
0.010224
0.006653
0.000620
0.000000
0.000000
0.000000
0.007394
0.016520
0.013988
0.006290
0.001787
0.000224
0.000000
0.000000
0.000000
0.002822
0.009473
0.017787
0.013820
0.013361
0.001782
0.000000
0.000000
0.000000
0.004052
0.009731
0.010980
0.010224
0.006653
0.000620
0.000000
0.000000
0.000000
0.007722
0.011815
0.013880
0.013942
0.003330
0.000046
0.000000
0.000000
0.000000
0.002822
0.009473
0.017787
0.013820
0.013361
0.001782
0.000000
0.000000
0.000000
0.007260
0.011118
0.018260
0.013149
0.007919
0.000395
0.000000
0.000000
0.000000
0.007722
0.011815
0.013880
0.013942
0.003330
0.000046
0.000000
0.000000
0.000000
0.001405
0.007043
0.016074
0.017856
0.008562
0.001236
0.000000
0.000000
0.000000
0.007260
0.011118
0.018260
0.013149
0.007919
0.000395
0.000000
0.000000
0.000000
0.007209
0.012033
0.008947
0.009017
0.005731
0.000738
0.000000
0.000000
0.000000
0.001405
0.007043
0.016074
0.017856
0.008562
0.001236
0.000000
0.000000
0.000000
0.011252
0.019014
0.014262
0.010298
0.003369
0.000589
0.000000
0.000000
0.000000
0.007873
0.019865
0.014492
0.010436
0.008974
0.000475
0.000000
0.000000
0.000000
0.010405
0.036448
0.023936
0.009457
0.006700
0.000477
0.000000
0.000000
0.000000
0.007272
0.018169
0.018466
0.007571
0.004806
0.000330
0.000000
0.000000
0.000000
0.012325
0.031325
0.019638
0.019153
0.007231
0.000512
0.000000
0.000000
0.000000
0.010405
0.036448
0.023936
0.009457
0.006700
0.000477
0.000000
0.000000
0.000000
0.012528
0.037739
0.036627
0.011920
0.002448
0.000184
0.000000
0.000000
0.000000
0.012325
0.031325
0.019638
0.019153
0.007231
0.000512
0.000000
0.000000
0.000000
0.004392
0.015312
0.024155
0.018774
0.006492
0.000732
0.000000
0.000000
0.000000
0.012528
0.037739
0.036627
0.011920
0.002448
0.000184
0.000000
0.000000
0.000000
0.026163
0.029550
0.016194
0.010609
0.006122
0.000107
0.000000
0.000000
0.000000
0.004392
0.015312
0.024155
0.018774
0.006492
0.000732
0.000000
0.000000
0.000000
0.025039
0.031588
0.021386
0.018825
0.009309
0.000799
0.000000
0.000000
0.000000
0.026163
0.029550
0.016194
0.010609
0.006122
0.000107
0.000000
0.000000
0.000000
0.009970
0.051021
0.064305
0.046371
0.045263
0.002440
0.000000
0.000000
0.000000
0.025039
0.031588
0.021386
0.018825
0.009309
0.000799
0.000000
0.000000
0.000000
0.007349
0.025884
0.035197
0.025969
0.013276
0.002103
0.000000
0.000000
0.000000
0.009970
0.051021
0.064305
0.046371
0.045263
0.002440
0.000000
0.000000
0.000000
0.032512
0.047952
0.032470
0.016463
0.001946
0.000512
0.000000
0.000000
0.000000
0.007349
0.025884
0.035197
0.025969
0.013276
0.002103
0.000000
0.000000
0.000000
0.016086
0.040146
0.017534
0.014154
0.006749
0.000757
0.000000
0.000000
0.000000
0.032512
0.047952
0.032470
0.016463
0.001946
0.000512
0.000000
0.000000
0.000000
0.014640
0.027782
0.015986
0.003783
0.001897
0.000009
0.000000
0.000000
0.000000
0.016086
0.040146
0.017534
0.014154
0.006749
0.000757
0.000000
0.000000
0.000000
0.007667
0.020300
0.014044
0.006661
0.024270
0.005604
0.000000
0.000000
0.000000
0.014640
0.027782
0.015986
0.003783
0.001897
0.000009
0.000000
0.000000
0.000000
0.007786
0.012553
0.012415
0.007791
0.006498
0.000740
0.000000
0.000000
0.000000
0.007667
0.020300
0.014044
0.006661
0.024270
0.005604
0.000000
0.000000
0.000000
0.008094
0.017124
0.014964
0.017251
0.011332
0.000999
0.000000
0.000000
0.000000
0.007786
0.012553
0.012415
0.007791
0.006498
0.000740
0.000000
0.000000
0.000000
0.004052
0.009731
0.010980
0.010224
0.006653
0.000620
0.000000
0.000000
0.000000
0.008094
0.017124
0.014964
0.017251
0.011332
0.000999
0.000000
0.000000
0.000000
0.005213
0.011205
0.016392
0.013500
0.006175
0.000658
0.000000
0.000000
0.000000
0.004052
0.009731
0.010980
0.010224
0.006653
0.000620
0.000000
0.000000
0.000000
0.007722
0.011815
0.013880
0.013942
0.003330
0.000046
0.000000
0.000000
0.000000
0.005213
0.011205
0.016392
0.013500
0.006175
0.000658
0.000000
0.000000
0.000000
0.003878
0.009538
0.007544
0.015075
0.010540
0.001539
0.000000
0.000000
0.000000
0.007722
0.011815
0.013880
0.013942
0.003330
0.000046
0.000000
0.000000
0.000000
0.001405
0.007043
0.016074
0.017856
0.008562
0.001236
0.000000
0.000000
0.000000
0.003878
0.009538
0.007544
0.015075
0.010540
0.001539
0.000000
0.000000
0.000000
0.004770
0.008358
0.009700
0.010636
0.012988
0.001993
0.000000
0.000000
0.000000
0.001405
0.007043
0.016074
0.017856
0.008562
0.001236
0.000000
0.000000
0.000000
0.011252
0.019014
0.014262
0.010298
0.003369
0.000589
0.000000
0.000000
0.000000
0.004770
0.008358
0.009700
0.010636
0.012988
0.001993
0.000000
0.000000
0.000000
0.006730
0.012310
0.009119
0.007947
0.008313
0.000980
0.000000
0.000000
0.000000
0.007272
0.018169
0.018466
0.007571
0.004806
0.000330
0.000000
0.000000
0.000000
0.012325
0.031325
0.019638
0.019153
0.007231
0.000512
0.000000
0.000000
0.000000
0.005317
0.012492
0.011144
0.010318
0.003233
0.000464
0.000000
0.000000
0.000000
0.003263
0.008898
0.010879
0.015156
0.012786
0.001666
0.000000
0.000000
0.000000
0.012325
0.031325
0.019638
0.019153
0.007231
0.000512
0.000000
0.000000
0.000000
0.004392
0.015312
0.024155
0.018774
0.006492
0.000732
0.000000
0.000000
0.000000
0.003263
0.008898
0.010879
0.015156
0.012786
0.001666
0.000000
0.000000
0.000000
0.003566
0.005881
0.008054
0.009163
0.004834
0.000373
0.000000
0.000000
0.000000
0.004392
0.015312
0.024155
0.018774
0.006492
0.000732
0.000000
0.000000
0.000000
0.025039
0.031588
0.021386
0.018825
0.009309
0.000799
0.000000
0.000000
0.000000
0.003566
0.005881
0.008054
0.009163
0.004834
0.000373
0.000000
0.000000
0.000000
0.014617
0.032996
0.040439
0.008990
0.005649
0.000525
0.000000
0.000000
0.000000
0.025039
0.031588
0.021386
0.018825
0.009309
0.000799
0.000000
0.000000
0.000000
0.007349
0.025884
0.035197
0.025969
0.013276
0.002103
0.000000
0.000000
0.000000
0.014617
0.032996
0.040439
0.008990
0.005649
0.000525
0.000000
0.000000
0.000000
0.015778
0.047750
0.041825
0.025240
0.011070
0.001759
0.000000
0.000000
0.000000
0.007349
0.025884
0.035197
0.025969
0.013276
0.002103
0.000000
0.000000
0.000000
0.016086
0.040146
0.017534
0.014154
0.006749
0.000757
0.000000
0.000000
0.000000
0.015778
0.047750
0.041825
0.025240
0.011070
0.001759
0.000000
0.000000
0.000000
0.005301
0.034801
0.022500
0.013674
0.005373
0.000603
0.000000
0.000000
0.000000
0.016086
0.040146
0.017534
0.014154
0.006749
0.000757
0.000000
0.000000
0.000000
0.007667
0.020300
0.014044
0.006661
0.024270
0.005604
0.000000
0.000000
0.000000
0.005301
0.034801
0.022500
0.013674
0.005373
0.000603
0.000000
0.000000
0.000000
0.010179
0.024130
0.026171
0.024161
0.017902
0.001097
0.000000
0.000000
0.000000
0.007667
0.020300
0.014044
0.006661
0.024270
0.005604
0.000000
0.000000
0.000000
0.008094
0.017124
0.014964
0.017251
0.011332
0.000999
0.000000
0.000000
0.000000
0.010179
0.024130
0.026171
0.024161
0.017902
0.001097
0.000000
0.000000
0.000000
0.008125
0.017954
0.027634
0.014395
0.009083
0.001379
0.000000
0.000000
0.000000
0.008094
0.017124
0.014964
0.017251
0.011332
0.000999
0.000000
0.000000
0.000000
0.005213
0.011205
0.016392
0.013500
0.006175
0.000658
0.000000
0.000000
0.000000
0.008125
0.017954
0.027634
0.014395
0.009083
0.001379
0.000000
0.000000
0.000000
0.004594
0.013585
0.010582
0.008230
0.005319
0.000587
0.000000
0.000000
0.000000
0.005213
0.011205
0.016392
0.013500
0.006175
0.000658
0.000000
0.000000
0.000000
0.003878
0.009538
0.007544
0.015075
0.010540
0.001539
0.000000
0.000000
0.000000
0.004594
0.013585
0.010582
0.008230
0.005319
0.000587
0.000000
0.000000
0.000000
0.003885
0.010153
0.004835
0.008734
0.003920
0.000062
0.000000
0.000000
0.000000
0.003878
0.009538
0.007544
0.015075
0.010540
0.001539
0.000000
0.000000
0.000000
0.004770
0.008358
0.009700
0.010636
0.012988
0.001993
0.000000
0.000000
0.000000
0.003885
0.010153
0.004835
0.008734
0.003920
0.000062
0.000000
0.000000
0.000000
0.012569
0.017594
0.011470
0.006914
0.011206
0.001063
0.000000
0.000000
0.000000
0.004770
0.008358
0.009700
0.010636
0.012988
0.001993
0.000000
0.000000
0.000000
0.006730
0.012310
0.009119
0.007947
0.008313
0.000980
0.000000
0.000000
0.000000
0.012569
0.017594
0.011470
0.006914
0.011206
0.001063
0.000000
0.000000
0.000000
0.008736
0.011242
0.007327
0.010080
0.005582
0.000591
0.000000
0.000000
0.000000
0.005317
0.012492
0.011144
0.010318
0.003233
0.000464
0.000000
0.000000
0.000000
0.003263
0.008898
0.010879
0.015156
0.012786
0.001666
0.000000
0.000000
0.000000
0.010480
0.014135
0.009203
0.006413
0.003857
0.000107
0.000000
0.000000
0.000000
0.014493
0.023617
0.015149
0.006169
0.004476
0.000971
0.000000
0.000000
0.000000
0.003263
0.008898
0.010879
0.015156
0.012786
0.001666
0.000000
0.000000
0.000000
0.003566
0.005881
0.008054
0.009163
0.004834
0.000373
0.000000
0.000000
0.000000
0.014493
0.023617
0.015149
0.006169
0.004476
0.000971
0.000000
0.000000
0.000000
0.004581
0.008902
0.009627
0.011582
0.009373
0.001735
0.000000
0.000000
0.000000
0.003566
0.005881
0.008054
0.009163
0.004834
0.000373
0.000000
0.000000
0.000000
0.014617
0.032996
0.040439
0.008990
0.005649
0.000525
0.000000
0.000000
0.000000
0.004581
0.008902
0.009627
0.011582
0.009373
0.001735
0.000000
0.000000
0.000000
0.005461
0.011785
0.010031
0.007576
0.003153
0.000405
0.000000
0.000000
0.000000
0.014617
0.032996
0.040439
0.008990
0.005649
0.000525
0.000000
0.000000
0.000000
0.015778
0.047750
0.041825
0.025240
0.011070
0.001759
0.000000
0.000000
0.000000
0.005461
0.011785
0.010031
0.007576
0.003153
0.000405
0.000000
0.000000
0.000000
0.007754
0.012909
0.013315
0.009910
0.006015
0.000760
0.000000
0.000000
0.000000
0.015778
0.047750
0.041825
0.025240
0.011070
0.001759
0.000000
0.000000
0.000000
0.005301
0.034801
0.022500
0.013674
0.005373
0.000603
0.000000
0.000000
0.000000
0.007754
0.012909
0.013315
0.009910
0.006015
0.000760
0.000000
0.000000
0.000000
0.003892
0.009952
0.014410
0.005863
0.003857
0.001193
0.000000
0.000000
0.000000
0.005301
0.034801
0.022500
0.013674
0.005373
0.000603
0.000000
0.000000
0.000000
0.010179
0.024130
0.026171
0.024161
0.017902
0.001097
0.000000
0.000000
0.000000
0.003892
0.009952
0.014410
0.005863
0.003857
0.001193
0.000000
0.000000
0.000000
0.011711
0.034110
0.020748
0.003806
0.002180
0.000065
0.000000
0.000000
0.000000
0.010179
0.024130
0.026171
0.024161
0.017902
0.001097
0.000000
0.000000
0.000000
0.008125
0.017954
0.027634
0.014395
0.009083
0.001379
0.000000
0.000000
0.000000
0.011711
0.034110
0.020748
0.003806
0.002180
0.000065
0.000000
0.000000
0.000000
0.012162
0.014590
0.017345
0.011905
0.006166
0.000513
0.000000
0.000000
0.000000
0.008125
0.017954
0.027634
0.014395
0.009083
0.001379
0.000000
0.000000
0.000000
0.004594
0.013585
0.010582
0.008230
0.005319
0.000587
0.000000
0.000000
0.000000
0.012162
0.014590
0.017345
0.011905
0.006166
0.000513
0.000000
0.000000
0.000000
0.005238
0.008529
0.012175
0.004743
0.003535
0.000154
0.000000
0.000000
0.000000
0.004594
0.013585
0.010582
0.008230
0.005319
0.000587
0.000000
0.000000
0.000000
0.003885
0.010153
0.004835
0.008734
0.003920
0.000062
0.000000
0.000000
0.000000
0.005238
0.008529
0.012175
0.004743
0.003535
0.000154
0.000000
0.000000
0.000000
0.002633
0.010607
0.008706
0.005486
0.004510
0.000686
0.000000
0.000000
0.000000
0.003885
0.010153
0.004835
0.008734
0.003920
0.000062
0.000000
0.000000
0.000000
0.012569
0.017594
0.011470
0.006914
0.011206
0.001063
0.000000
0.000000
0.000000
0.002633
0.010607
0.008706
0.005486
0.004510
0.000686
0.000000
0.000000
0.000000
0.006054
0.009782
0.010743
0.010926
0.009496
0.000240
0.000000
0.000000
0.000000
0.012569
0.017594
0.011470
0.006914
0.011206
0.001063
0.000000
0.000000
0.000000
0.008736
0.011242
0.007327
0.010080
0.005582
0.000591
0.000000
0.000000
0.000000
0.006054
0.009782
0.010743
0.010926
0.009496
0.000240
0.000000
0.000000
0.000000
0.007596
0.011774
0.008930
0.004140
0.003334
0.000276
0.000000
0.000000
0.000000
0.010480
0.014135
0.009203
0.006413
0.003857
0.000107
0.000000
0.000000
0.000000
0.014493
0.023617
0.015149
0.006169
0.004476
0.000971
0.000000
0.000000
0.000000
0.010024
0.022023
0.017828
0.012498
0.001967
0.000135
0.000000
0.000000
0.000000
0.007020
0.018886
0.019607
0.008696
0.005097
0.000377
0.000000
0.000000
0.000000
0.014493
0.023617
0.015149
0.006169
0.004476
0.000971
0.000000
0.000000
0.000000
0.004581
0.008902
0.009627
0.011582
0.009373
0.001735
0.000000
0.000000
0.000000
0.007020
0.018886
0.019607
0.008696
0.005097
0.000377
0.000000
0.000000
0.000000
0.003796
0.011298
0.013176
0.017310
0.009400
0.000760
0.000000
0.000000
0.000000
0.004581
0.008902
0.009627
0.011582
0.009373
0.001735
0.000000
0.000000
0.000000
0.005461
0.011785
0.010031
0.007576
0.003153
0.000405
0.000000
0.000000
0.000000
0.003796
0.011298
0.013176
0.017310
0.009400
0.000760
0.000000
0.000000
0.000000
0.004319
0.006878
0.007399
0.006340
0.005167
0.000517
0.000000
0.000000
0.000000
0.005461
0.011785
0.010031
0.007576
0.003153
0.000405
0.000000
0.000000
0.000000
0.007754
0.012909
0.013315
0.009910
0.006015
0.000760
0.000000
0.000000
0.000000
0.004319
0.006878
0.007399
0.006340
0.005167
0.000517
0.000000
0.000000
0.000000
0.015132
0.014283
0.006823
0.007206
0.004529
0.000425
0.000000
0.000000
0.000000
0.007754
0.012909
0.013315
0.009910
0.006015
0.000760
0.000000
0.000000
0.000000
0.003892
0.009952
0.014410
0.005863
0.003857
0.001193
0.000000
0.000000
0.000000
0.015132
0.014283
0.006823
0.007206
0.004529
0.000425
0.000000
0.000000
0.000000
0.015209
0.009879
0.010505
0.010516
0.006437
0.000998
0.000000
0.000000
0.000000
0.003892
0.009952
0.014410
0.005863
0.003857
0.001193
0.000000
0.000000
0.000000
0.011711
0.034110
0.020748
0.003806
0.002180
0.000065
0.000000
0.000000
0.000000
0.015209
0.009879
0.010505
0.010516
0.006437
0.000998
0.000000
0.000000
0.000000
0.031692
0.044944
0.007833
0.008733
0.006025
0.000613
0.000000
0.000000
0.000000
0.011711
0.034110
0.020748
0.003806
0.002180
0.000065
0.000000
0.000000
0.000000
0.012162
0.014590
0.017345
0.011905
0.006166
0.000513
0.000000
0.000000
0.000000
0.031692
0.044944
0.007833
0.008733
0.006025
0.000613
0.000000
0.000000
0.000000
0.017826
0.027605
0.010124
0.004766
0.001866
0.000185
0.000000
0.000000
0.000000
0.012162
0.014590
0.017345
0.011905
0.006166
0.000513
0.000000
0.000000
0.000000
0.005238
0.008529
0.012175
0.004743
0.003535
0.000154
0.000000
0.000000
0.000000
0.017826
0.027605
0.010124
0.004766
0.001866
0.000185
0.000000
0.000000
0.000000
0.005491
0.015417
0.012845
0.009226
0.004146
0.000376
0.000000
0.000000
0.000000
0.005238
0.008529
0.012175
0.004743
0.003535
0.000154
0.000000
0.000000
0.000000
0.002633
0.010607
0.008706
0.005486
0.004510
0.000686
0.000000
0.000000
0.000000
0.005491
0.015417
0.012845
0.009226
0.004146
0.000376
0.000000
0.000000
0.000000
0.006799
0.015332
0.008481
0.003890
0.001762
0.000091
0.000000
0.000000
0.000000
0.002633
0.010607
0.008706
0.005486
0.004510
0.000686
0.000000
0.000000
0.000000
0.006054
0.009782
0.010743
0.010926
0.009496
0.000240
0.000000
0.000000
0.000000
0.006799
0.015332
0.008481
0.003890
0.001762
0.000091
0.000000
0.000000
0.000000
0.006761
0.007728
0.010099
0.010069
0.005487
0.000628
0.000000
0.000000
0.000000
0.006054
0.009782
0.010743
0.010926
0.009496
0.000240
0.000000
0.000000
0.000000
0.007596
0.011774
0.008930
0.004140
0.003334
0.000276
0.000000
0.000000
0.000000
0.006761
0.007728
0.010099
0.010069
0.005487
0.000628
0.000000
0.000000
0.000000
0.005314
0.006510
0.007888
0.009235
0.009907
0.000667
0.000000
0.000000
0.000000
0.010024
0.022023
0.017828
0.012498
0.001967
0.000135
0.000000
0.000000
0.000000
0.007020
0.018886
0.019607
0.008696
0.005097
0.000377
0.000000
0.000000
0.000000
0.011247
0.012091
0.007700
0.007563
0.004785
0.000480
0.000000
0.000000
0.000000
0.008527
0.018513
0.013005
0.002930
0.001074
0.000122
0.000000
0.000000
0.000000
0.007020
0.018886
0.019607
0.008696
0.005097
0.000377
0.000000
0.000000
0.000000
0.003796
0.011298
0.013176
0.017310
0.009400
0.000760
0.000000
0.000000
0.000000
0.008527
0.018513
0.013005
0.002930
0.001074
0.000122
0.000000
0.000000
0.000000
0.009268
0.016310
0.024173
0.020997
0.007392
0.000689
0.000000
0.000000
0.000000
0.003796
0.011298
0.013176
0.017310
0.009400
0.000760
0.000000
0.000000
0.000000
0.004319
0.006878
0.007399
0.006340
0.005167
0.000517
0.000000
0.000000
0.000000
0.009268
0.016310
0.024173
0.020997
0.007392
0.000689
0.000000
0.000000
0.000000
0.009004
0.013548
0.021616
0.027614
0.007157
0.001117
0.000000
0.000000
0.000000
0.004319
0.006878
0.007399
0.006340
0.005167
0.000517
0.000000
0.000000
0.000000
0.015132
0.014283
0.006823
0.007206
0.004529
0.000425
0.000000
0.000000
0.000000
0.009004
0.013548
0.021616
0.027614
0.007157
0.001117
0.000000
0.000000
0.000000
0.026809
0.019263
0.004333
0.003999
0.001896
0.000053
0.000000
0.000000
0.000000
0.015132
0.014283
0.006823
0.007206
0.004529
0.000425
0.000000
0.000000
0.000000
0.015209
0.009879
0.010505
0.010516
0.006437
0.000998
0.000000
0.000000
0.000000
0.026809
0.019263
0.004333
0.003999
0.001896
0.000053
0.000000
0.000000
0.000000
0.015896
0.014102
0.006001
0.006037
0.012589
0.001848
0.000000
0.000000
0.000000
0.015209
0.009879
0.010505
0.010516
0.006437
0.000998
0.000000
0.000000
0.000000
0.031692
0.044944
0.007833
0.008733
0.006025
0.000613
0.000000
0.000000
0.000000
0.015896
0.014102
0.006001
0.006037
0.012589
0.001848
0.000000
0.000000
0.000000
0.039140
0.037782
0.015469
0.002429
0.001116
0.000222
0.000000
0.000000
0.000000
0.031692
0.044944
0.007833
0.008733
0.006025
0.000613
0.000000
0.000000
0.000000
0.017826
0.027605
0.010124
0.004766
0.001866
0.000185
0.000000
0.000000
0.000000
0.039140
0.037782
0.015469
0.002429
0.001116
0.000222
0.000000
0.000000
0.000000
0.039699
0.039727
0.008510
0.005894
0.002145
0.000112
0.000000
0.000000
0.000000
0.017826
0.027605
0.010124
0.004766
0.001866
0.000185
0.000000
0.000000
0.000000
0.005491
0.015417
0.012845
0.009226
0.004146
0.000376
0.000000
0.000000
0.000000
0.039699
0.039727
0.008510
0.005894
0.002145
0.000112
0.000000
0.000000
0.000000
0.004364
0.008418
0.007795
0.006534
0.006730
0.001052
0.000000
0.000000
0.000000
0.005491
0.015417
0.012845
0.009226
0.004146
0.000376
0.000000
0.000000
0.000000
0.006799
0.015332
0.008481
0.003890
0.001762
0.000091
0.000000
0.000000
0.000000
0.004364
0.008418
0.007795
0.006534
0.006730
0.001052
0.000000
0.000000
0.000000
0.003231
0.009250
0.015706
0.011349
0.010011
0.001494
0.000000
0.000000
0.000000
0.006799
0.015332
0.008481
0.003890
0.001762
0.000091
0.000000
0.000000
0.000000
0.006761
0.007728
0.010099
0.010069
0.005487
0.000628
0.000000
0.000000
0.000000
0.003231
0.009250
0.015706
0.011349
0.010011
0.001494
0.000000
0.000000
0.000000
0.002385
0.006854
0.009049
0.011270
0.007954
0.000591
0.000000
0.000000
0.000000
0.006761
0.007728
0.010099
0.010069
0.005487
0.000628
0.000000
0.000000
0.000000
0.005314
0.006510
0.007888
0.009235
0.009907
0.000667
0.000000
0.000000
0.000000
0.002385
0.006854
0.009049
0.011270
0.007954
0.000591
0.000000
0.000000
0.000000
0.004099
0.010214
0.003823
0.007462
0.012870
0.001525
0.000000
0.000000
0.000000
0.011247
0.012091
0.007700
0.007563
0.004785
0.000480
0.000000
0.000000
0.000000
0.008527
0.018513
0.013005
0.002930
0.001074
0.000122
0.000000
0.000000
0.000000
0.008461
0.015158
0.008954
0.004149
0.001970
0.000310
0.000000
0.000000
0.000000
0.009859
0.013034
0.005948
0.007071
0.002335
0.000164
0.000000
0.000000
0.000000
0.008527
0.018513
0.013005
0.002930
0.001074
0.000122
0.000000
0.000000
0.000000
0.009268
0.016310
0.024173
0.020997
0.007392
0.000689
0.000000
0.000000
0.000000
0.009859
0.013034
0.005948
0.007071
0.002335
0.000164
0.000000
0.000000
0.000000
0.006786
0.013184
0.019541
0.014998
0.003949
0.000374
0.000000
0.000000
0.000000
0.009268
0.016310
0.024173
0.020997
0.007392
0.000689
0.000000
0.000000
0.000000
0.009004
0.013548
0.021616
0.027614
0.007157
0.001117
0.000000
0.000000
0.000000
0.006786
0.013184
0.019541
0.014998
0.003949
0.000374
0.000000
0.000000
0.000000
0.004825
0.021967
0.025785
0.025446
0.018240
0.002207
0.000000
0.000000
0.000000
0.009004
0.013548
0.021616
0.027614
0.007157
0.001117
0.000000
0.000000
0.000000
0.026809
0.019263
0.004333
0.003999
0.001896
0.000053
0.000000
0.000000
0.000000
0.004825
0.021967
0.025785
0.025446
0.018240
0.002207
0.000000
0.000000
0.000000
0.019698
0.019111
0.015528
0.011044
0.004225
0.000228
0.000000
0.000000
0.000000
0.026809
0.019263
0.004333
0.003999
0.001896
0.000053
0.000000
0.000000
0.000000
0.015896
0.014102
0.006001
0.006037
0.012589
0.001848
0.000000
0.000000
0.000000
0.019698
0.019111
0.015528
0.011044
0.004225
0.000228
0.000000
0.000000
0.000000
0.020501
0.036088
0.031089
0.013203
0.005048
0.000640
0.000000
0.000000
0.000000
0.015896
0.014102
0.006001
0.006037
0.012589
0.001848
0.000000
0.000000
0.000000
0.039140
0.037782
0.015469
0.002429
0.001116
0.000222
0.000000
0.000000
0.000000
0.020501
0.036088
0.031089
0.013203
0.005048
0.000640
0.000000
0.000000
0.000000
0.018133
0.047146
0.026073
0.016393
0.005360
0.000760
0.000000
0.000000
0.000000
0.039140
0.037782
0.015469
0.002429
0.001116
0.000222
0.000000
0.000000
0.000000
0.039699
0.039727
0.008510
0.005894
0.002145
0.000112
0.000000
0.000000
0.000000
0.018133
0.047146
0.026073
0.016393
0.005360
0.000760
0.000000
0.000000
0.000000
0.037391
0.045514
0.020516
0.008961
0.005924
0.001435
0.000000
0.000000
0.000000
0.039699
0.039727
0.008510
0.005894
0.002145
0.000112
0.000000
0.000000
0.000000
0.004364
0.008418
0.007795
0.006534
0.006730
0.001052
0.000000
0.000000
0.000000
0.037391
0.045514
0.020516
0.008961
0.005924
0.001435
0.000000
0.000000
0.000000
0.021766
0.023644
0.010094
0.006170
0.005208
0.000450
0.000000
0.000000
0.000000
0.004364
0.008418
0.007795
0.006534
0.006730
0.001052
0.000000
0.000000
0.000000
0.003231
0.009250
0.015706
0.011349
0.010011
0.001494
0.000000
0.000000
0.000000
0.021766
0.023644
0.010094
0.006170
0.005208
0.000450
0.000000
0.000000
0.000000
0.003241
0.021312
0.013853
0.012442
0.008037
0.000963
0.000000
0.000000
0.000000
0.003231
0.009250
0.015706
0.011349
0.010011
0.001494
0.000000
0.000000
0.000000
0.002385
0.006854
0.009049
0.011270
0.007954
0.000591
0.000000
0.000000
0.000000
0.003241
0.021312
0.013853
0.012442
0.008037
0.000963
0.000000
0.000000
0.000000
0.006218
0.021161
0.019060
0.007089
0.004265
0.000543
0.000000
0.000000
0.000000
0.002385
0.006854
0.009049
0.011270
0.007954
0.000591
0.000000
0.000000
0.000000
0.004099
0.010214
0.003823
0.007462
0.012870
0.001525
0.000000
0.000000
0.000000
0.006218
0.021161
0.019060
0.007089
0.004265
0.000543
0.000000
0.000000
0.000000
0.002200
0.006928
0.010554
0.013160
0.007106
0.000871
0.000000
0.000000
0.000000
0.008461
0.015158
0.008954
0.004149
0.001970
0.000310
0.000000
0.000000
0.000000
0.009859
0.013034
0.005948
0.007071
0.002335
0.000164
0.000000
0.000000
0.000000
0.003105
0.010142
0.014285
0.011896
0.007389
0.001203
0.000000
0.000000
0.000000
0.008561
0.014138
0.011998
0.004221
0.007986
0.000361
0.000000
0.000000
0.000000
0.009859
0.013034
0.005948
0.007071
0.002335
0.000164
0.000000
0.000000
0.000000
0.006786
0.013184
0.019541
0.014998
0.003949
0.000374
0.000000
0.000000
0.000000
0.008561
0.014138
0.011998
0.004221
0.007986
0.000361
0.000000
0.000000
0.000000
0.011008
0.032716
0.029896
0.017868
0.009532
0.001510
0.000000
0.000000
0.000000
0.006786
0.013184
0.019541
0.014998
0.003949
0.000374
0.000000
0.000000
0.000000
0.004825
0.021967
0.025785
0.025446
0.018240
0.002207
0.000000
0.000000
0.000000
0.011008
0.032716
0.029896
0.017868
0.009532
0.001510
0.000000
0.000000
0.000000
0.006927
0.025166
0.054867
0.032408
0.012299
0.000422
0.000000
0.000000
0.000000
0.004825
0.021967
0.025785
0.025446
0.018240
0.002207
0.000000
0.000000
0.000000
0.019698
0.019111
0.015528
0.011044
0.004225
0.000228
0.000000
0.000000
0.000000
0.006927
0.025166
0.054867
0.032408
0.012299
0.000422
0.000000
0.000000
0.000000
0.012426
0.019732
0.015375
0.011302
0.003775
0.000164
0.000000
0.000000
0.000000
0.019698
0.019111
0.015528
0.011044
0.004225
0.000228
0.000000
0.000000
0.000000
0.020501
0.036088
0.031089
0.013203
0.005048
0.000640
0.000000
0.000000
0.000000
0.012426
0.019732
0.015375
0.011302
0.003775
0.000164
0.000000
0.000000
0.000000
0.006746
0.011968
0.017420
0.011484
0.004730
0.000818
0.000000
0.000000
0.000000
0.020501
0.036088
0.031089
0.013203
0.005048
0.000640
0.000000
0.000000
0.000000
0.018133
0.047146
0.026073
0.016393
0.005360
0.000760
0.000000
0.000000
0.000000
0.006746
0.011968
0.017420
0.011484
0.004730
0.000818
0.000000
0.000000
0.000000
0.006814
0.019787
0.017361
0.013864
0.018163
0.002156
0.000000
0.000000
0.000000
0.018133
0.047146
0.026073
0.016393
0.005360
0.000760
0.000000
0.000000
0.000000
0.037391
0.045514
0.020516
0.008961
0.005924
0.001435
0.000000
0.000000
0.000000
0.006814
0.019787
0.017361
0.013864
0.018163
0.002156
0.000000
0.000000
0.000000
0.005902
0.011758
0.019808
0.011484
0.012816
0.001102
0.000000
0.000000
0.000000
0.037391
0.045514
0.020516
0.008961
0.005924
0.001435
0.000000
0.000000
0.000000
0.021766
0.023644
0.010094
0.006170
0.005208
0.000450
0.000000
0.000000
0.000000
0.005902
0.011758
0.019808
0.011484
0.012816
0.001102
0.000000
0.000000
0.000000
0.016253
0.028248
0.021469
0.012592
0.005735
0.000032
0.000000
0.000000
0.000000
0.021766
0.023644
0.010094
0.006170
0.005208
0.000450
0.000000
0.000000
0.000000
0.003241
0.021312
0.013853
0.012442
0.008037
0.000963
0.000000
0.000000
0.000000
0.016253
0.028248
0.021469
0.012592
0.005735
0.000032
0.000000
0.000000
0.000000
0.004966
0.005475
0.013544
0.020747
0.011095
0.001612
0.000000
0.000000
0.000000
0.003241
0.021312
0.013853
0.012442
0.008037
0.000963
0.000000
0.000000
0.000000
0.006218
0.021161
0.019060
0.007089
0.004265
0.000543
0.000000
0.000000
0.000000
0.004966
0.005475
0.013544
0.020747
0.011095
0.001612
0.000000
0.000000
0.000000
0.009881
0.016762
0.014248
0.015470
0.006334
0.000765
0.000000
0.000000
0.000000
0.006218
0.021161
0.019060
0.007089
0.004265
0.000543
0.000000
0.000000
0.000000
0.002200
0.006928
0.010554
0.013160
0.007106
0.000871
0.000000
0.000000
0.000000
0.009881
0.016762
0.014248
0.015470
0.006334
0.000765
0.000000
0.000000
0.000000
0.012027
0.011734
0.009398
0.017739
0.017187
0.001489
0.000000
0.000000
0.000000
0.003105
0.010142
0.014285
0.011896
0.007389
0.001203
0.000000
0.000000
0.000000
0.008561
0.014138
0.011998
0.004221
0.007986
0.000361
0.000000
0.000000
0.000000
0.002375
0.005670
0.011382
0.007898
0.005961
0.001442
0.000000
0.000000
0.000000
0.009037
0.018622
0.015608
0.006654
0.005348
0.000825
0.000000
0.000000
0.000000
0.008561
0.014138
0.011998
0.004221
0.007986
0.000361
0.000000
0.000000
0.000000
0.011008
0.032716
0.029896
0.017868
0.009532
0.001510
0.000000
0.000000
0.000000
0.009037
0.018622
0.015608
0.006654
0.005348
0.000825
0.000000
0.000000
0.000000
0.008263
0.011267
0.010281
0.009287
0.005064
0.000412
0.000000
0.000000
0.000000
0.011008
0.032716
0.029896
0.017868
0.009532
0.001510
0.000000
0.000000
0.000000
0.006927
0.025166
0.054867
0.032408
0.012299
0.000422
0.000000
0.000000
0.000000
0.008263
0.011267
0.010281
0.009287
0.005064
0.000412
0.000000
0.000000
0.000000
0.008343
0.015467
0.014618
0.018323
0.018100
0.002631
0.000000
0.000000
0.000000
0.006927
0.025166
0.054867
0.032408
0.012299
0.000422
0.000000
0.000000
0.000000
0.012426
0.019732
0.015375
0.011302
0.003775
0.000164
0.000000
0.000000
0.000000
0.008343
0.015467
0.014618
0.018323
0.018100
0.002631
0.000000
0.000000
0.000000
0.012142
0.013823
0.013684
0.014280
0.012443
0.001620
0.000000
0.000000
0.000000
0.012426
0.019732
0.015375
0.011302
0.003775
0.000164
0.000000
0.000000
0.000000
0.006746
0.011968
0.017420
0.011484
0.004730
0.000818
0.000000
0.000000
0.000000
0.012142
0.013823
0.013684
0.014280
0.012443
0.001620
0.000000
0.000000
0.000000
0.003887
0.006764
0.015257
0.019593
0.008811
0.001711
0.000000
0.000000
0.000000
0.006746
0.011968
0.017420
0.011484
0.004730
0.000818
0.000000
0.000000
0.000000
0.006814
0.019787
0.017361
0.013864
0.018163
0.002156
0.000000
0.000000
0.000000
0.003887
0.006764
0.015257
0.019593
0.008811
0.001711
0.000000
0.000000
0.000000
0.004749
0.019059
0.013783
0.012864
0.015965
0.002659
0.000000
0.000000
0.000000
0.006814
0.019787
0.017361
0.013864
0.018163
0.002156
0.000000
0.000000
0.000000
0.005902
0.011758
0.019808
0.011484
0.012816
0.001102
0.000000
0.000000
0.000000
0.004749
0.019059
0.013783
0.012864
0.015965
0.002659
0.000000
0.000000
0.000000
0.002278
0.009639
0.007569
0.012741
0.013105
0.000940
0.000000
0.000000
0.000000
0.005902
0.011758
0.019808
0.011484
0.012816
0.001102
0.000000
0.000000
0.000000
0.016253
0.028248
0.021469
0.012592
0.005735
0.000032
0.000000
0.000000
0.000000
0.002278
0.009639
0.007569
0.012741
0.013105
0.000940
0.000000
0.000000
0.000000
0.018986
0.021881
0.007326
0.007193
0.003975
0.000251
0.000000
0.000000
0.000000
0.016253
0.028248
0.021469
0.012592
0.005735
0.000032
0.000000
0.000000
0.000000
0.004966
0.005475
0.013544
0.020747
0.011095
0.001612
0.000000
0.000000
0.000000
0.018986
0.021881
0.007326
0.007193
0.003975
0.000251
0.000000
0.000000
0.000000
0.004119
0.006206
0.007023
0.009335
0.011498
0.000607
0.000000
0.000000
0.000000
0.004966
0.005475
0.013544
0.020747
0.011095
0.001612
0.000000
0.000000
0.000000
0.009881
0.016762
0.014248
0.015470
0.006334
0.000765
0.000000
0.000000
0.000000
0.004119
0.006206
0.007023
0.009335
0.011498
0.000607
0.000000
0.000000
0.000000
0.003265
0.012089
0.013550
0.007057
0.004721
0.000044
0.000000
0.000000
0.000000
0.009881
0.016762
0.014248
0.015470
0.006334
0.000765
0.000000
0.000000
0.000000
0.012027
0.011734
0.009398
0.017739
0.017187
0.001489
0.000000
0.000000
0.000000
0.003265
0.012089
0.013550
0.007057
0.004721
0.000044
0.000000
0.000000
0.000000
0.002403
0.008834
0.021128
0.017001
0.009547
0.000935
0.000000
0.000000
0.000000
0.002375
0.005670
0.011382
0.007898
0.005961
0.001442
0.000000
0.000000
0.000000
0.009037
0.018622
0.015608
0.006654
0.005348
0.000825
0.000000
0.000000
0.000000
0.005061
0.009450
0.010065
0.012659
0.010294
0.000584
0.000000
0.000000
0.000000
0.003089
0.009350
0.014797
0.013948
0.008191
0.000982
0.000000
0.000000
0.000000
0.009037
0.018622
0.015608
0.006654
0.005348
0.000825
0.000000
0.000000
0.000000
0.008263
0.011267
0.010281
0.009287
0.005064
0.000412
0.000000
0.000000
0.000000
0.003089
0.009350
0.014797
0.013948
0.008191
0.000982
0.000000
0.000000
0.000000
0.006526
0.010941
0.009591
0.007083
0.005683
0.001089
0.000000
0.000000
0.000000
0.008263
0.011267
0.010281
0.009287
0.005064
0.000412
0.000000
0.000000
0.000000
0.008343
0.015467
0.014618
0.018323
0.018100
0.002631
0.000000
0.000000
0.000000
0.006526
0.010941
0.009591
0.007083
0.005683
0.001089
0.000000
0.000000
0.000000
0.005765
0.017339
0.018383
0.011853
0.001479
0.000000
0.000000
0.000000
0.000000
0.008343
0.015467
0.014618
0.018323
0.018100
0.002631
0.000000
0.000000
0.000000
0.012142
0.013823
0.013684
0.014280
0.012443
0.001620
0.000000
0.000000
0.000000
0.005765
0.017339
0.018383
0.011853
0.001479
0.000000
0.000000
0.000000
0.000000
0.002091
0.004626
0.012880
0.017413
0.011634
0.001854
0.000000
0.000000
0.000000
0.012142
0.013823
0.013684
0.014280
0.012443
0.001620
0.000000
0.000000
0.000000
0.003887
0.006764
0.015257
0.019593
0.008811
0.001711
0.000000
0.000000
0.000000
0.002091
0.004626
0.012880
0.017413
0.011634
0.001854
0.000000
0.000000
0.000000
0.002728
0.014465
0.027361
0.013431
0.005872
0.000451
0.000000
0.000000
0.000000
0.003887
0.006764
0.015257
0.019593
0.008811
0.001711
0.000000
0.000000
0.000000
0.004749
0.019059
0.013783
0.012864
0.015965
0.002659
0.000000
0.000000
0.000000
0.002728
0.014465
0.027361
0.013431
0.005872
0.000451
0.000000
0.000000
0.000000
0.003762
0.010100
0.011645
0.020474
0.013975
0.000553
0.000000
0.000000
0.000000
0.004749
0.019059
0.013783
0.012864
0.015965
0.002659
0.000000
0.000000
0.000000
0.002278
0.009639
0.007569
0.012741
0.013105
0.000940
0.000000
0.000000
0.000000
0.003762
0.010100
0.011645
0.020474
0.013975
0.000553
0.000000
0.000000
0.000000
0.016369
0.018361
0.014655
0.008303
0.005241
0.000413
0.000000
0.000000
0.000000
0.002278
0.009639
0.007569
0.012741
0.013105
0.000940
0.000000
0.000000
0.000000
0.018986
0.021881
0.007326
0.007193
0.003975
0.000251
0.000000
0.000000
0.000000
0.016369
0.018361
0.014655
0.008303
0.005241
0.000413
0.000000
0.000000
0.000000
0.024513
0.038793
0.015994
0.005479
0.003379
0.000066
0.000000
0.000000
0.000000
0.018986
0.021881
0.007326
0.007193
0.003975
0.000251
0.000000
0.000000
0.000000
0.004119
0.006206
0.007023
0.009335
0.011498
0.000607
0.000000
0.000000
0.000000
0.024513
0.038793
0.015994
0.005479
0.003379
0.000066
0.000000
0.000000
0.000000
0.008153
0.010992
0.010230
0.011279
0.008068
0.001754
0.000000
0.000000
0.000000
0.004119
0.006206
0.007023
0.009335
0.011498
0.000607
0.000000
0.000000
0.000000
0.003265
0.012089
0.013550
0.007057
0.004721
0.000044
0.000000
0.000000
0.000000
0.008153
0.010992
0.010230
0.011279
0.008068
0.001754
0.000000
0.000000
0.000000
0.005421
0.008616
0.022705
0.021761
0.010512
0.000843
0.000000
0.000000
0.000000
0.003265
0.012089
0.013550
0.007057
0.004721
0.000044
0.000000
0.000000
0.000000
0.002403
0.008834
0.021128
0.017001
0.009547
0.000935
0.000000
0.000000
0.000000
0.005421
0.008616
0.022705
0.021761
0.010512
0.000843
0.000000
0.000000
0.000000
0.004269
0.015205
0.011378
0.006145
0.001526
0.000076
0.000000
0.000000
0.000000
0.005061
0.009450
0.010065
0.012659
0.010294
0.000584
0.000000
0.000000
0.000000
0.003089
0.009350
0.014797
0.013948
0.008191
0.000982
0.000000
0.000000
0.000000
0.004692
0.008618
0.009473
0.005547
0.003873
0.000164
0.000000
0.000000
0.000000
0.002419
0.005055
0.009865
0.007208
0.004483
0.000268
0.000000
0.000000
0.000000
0.003089
0.009350
0.014797
0.013948
0.008191
0.000982
0.000000
0.000000
0.000000
0.006526
0.010941
0.009591
0.007083
0.005683
0.001089
0.000000
0.000000
0.000000
0.002419
0.005055
0.009865
0.007208
0.004483
0.000268
0.000000
0.000000
0.000000
0.001758
0.007755
0.009980
0.013955
0.008378
0.000456
0.000000
0.000000
0.000000
0.006526
0.010941
0.009591
0.007083
0.005683
0.001089
0.000000
0.000000
0.000000
0.005765
0.017339
0.018383
0.011853
0.001479
0.000000
0.000000
0.000000
0.000000
0.001758
0.007755
0.009980
0.013955
0.008378
0.000456
0.000000
0.000000
0.000000
0.003898
0.013679
0.012719
0.007814
0.005772
0.000692
0.000000
0.000000
0.000000
0.005765
0.017339
0.018383
0.011853
0.001479
0.000000
0.000000
0.000000
0.000000
0.002091
0.004626
0.012880
0.017413
0.011634
0.001854
0.000000
0.000000
0.000000
0.003898
0.013679
0.012719
0.007814
0.005772
0.000692
0.000000
0.000000
0.000000
0.004502
0.014640
0.012882
0.009331
0.006980
0.001362
0.000000
0.000000
0.000000
0.002091
0.004626
0.012880
0.017413
0.011634
0.001854
0.000000
0.000000
0.000000
0.002728
0.014465
0.027361
0.013431
0.005872
0.000451
0.000000
0.000000
0.000000
0.004502
0.014640
0.012882
0.009331
0.006980
0.001362
0.000000
0.000000
0.000000
0.006924
0.011385
0.014076
0.010828
0.006219
0.000430
0.000000
0.000000
0.000000
0.002728
0.014465
0.027361
0.013431
0.005872
0.000451
0.000000
0.000000
0.000000
0.003762
0.010100
0.011645
0.020474
0.013975
0.000553
0.000000
0.000000
0.000000
0.006924
0.011385
0.014076
0.010828
0.006219
0.000430
0.000000
0.000000
0.000000
0.007221
0.016960
0.019859
0.015208
0.007931
0.001781
0.000000
0.000000
0.000000
0.003762
0.010100
0.011645
0.020474
0.013975
0.000553
0.000000
0.000000
0.000000
0.016369
0.018361
0.014655
0.008303
0.005241
0.000413
0.000000
0.000000
0.000000
0.007221
0.016960
0.019859
0.015208
0.007931
0.001781
0.000000
0.000000
0.000000
0.026995
0.034421
0.025476
0.022499
0.011019
0.000726
0.000000
0.000000
0.000000
0.016369
0.018361
0.014655
0.008303
0.005241
0.000413
0.000000
0.000000
0.000000
0.024513
0.038793
0.015994
0.005479
0.003379
0.000066
0.000000
0.000000
0.000000
0.026995
0.034421
0.025476
0.022499
0.011019
0.000726
0.000000
0.000000
0.000000
0.026612
0.053563
0.010097
0.012872
0.020092
0.002054
0.000000
0.000000
0.000000
0.024513
0.038793
0.015994
0.005479
0.003379
0.000066
0.000000
0.000000
0.000000
0.008153
0.010992
0.010230
0.011279
0.008068
0.001754
0.000000
0.000000
0.000000
0.026612
0.053563
0.010097
0.012872
0.020092
0.002054
0.000000
0.000000
0.000000
0.004289
0.001646
0.007032
0.020564
0.040133
0.007149
0.000000
0.000000
0.000000
0.008153
0.010992
0.010230
0.011279
0.008068
0.001754
0.000000
0.000000
0.000000
0.005421
0.008616
0.022705
0.021761
0.010512
0.000843
0.000000
0.000000
0.000000
0.004289
0.001646
0.007032
0.020564
0.040133
0.007149
0.000000
0.000000
0.000000
0.008675
0.011061
0.007563
0.008878
0.019733
0.002214
0.000000
0.000000
0.000000
0.005421
0.008616
0.022705
0.021761
0.010512
0.000843
0.000000
0.000000
0.000000
0.004269
0.015205
0.011378
0.006145
0.001526
0.000076
0.000000
0.000000
0.000000
0.008675
0.011061
0.007563
0.008878
0.019733
0.002214
0.000000
0.000000
0.000000
0.003769
0.006455
0.009303
0.014807
0.012591
0.001118
0.000000
0.000000
0.000000
0.004692
0.008618
0.009473
0.005547
0.003873
0.000164
0.000000
0.000000
0.000000
0.002419
0.005055
0.009865
0.007208
0.004483
0.000268
0.000000
0.000000
0.000000
0.001322
0.002869
0.007524
0.008639
0.007107
0.001271
0.000000
0.000000
0.000000
0.004428
0.011544
0.011012
0.005622
0.004099
0.000148
0.000000
0.000000
0.000000
0.002419
0.005055
0.009865
0.007208
0.004483
0.000268
0.000000
0.000000
0.000000
0.001758
0.007755
0.009980
0.013955
0.008378
0.000456
0.000000
0.000000
0.000000
0.004428
0.011544
0.011012
0.005622
0.004099
0.000148
0.000000
0.000000
0.000000
0.006324
0.009065
0.007240
0.006023
0.006542
0.000620
0.000000
0.000000
0.000000
0.001758
0.007755
0.009980
0.013955
0.008378
0.000456
0.000000
0.000000
0.000000
0.003898
0.013679
0.012719
0.007814
0.005772
0.000692
0.000000
0.000000
0.000000
0.006324
0.009065
0.007240
0.006023
0.006542
0.000620
0.000000
0.000000
0.000000
0.008263
0.039495
0.015806
0.003845
0.008758
0.001884
0.000000
0.000000
0.000000
0.003898
0.013679
0.012719
0.007814
0.005772
0.000692
0.000000
0.000000
0.000000
0.004502
0.014640
0.012882
0.009331
0.006980
0.001362
0.000000
0.000000
0.000000
0.008263
0.039495
0.015806
0.003845
0.008758
0.001884
0.000000
0.000000
0.000000
0.026780
0.029824
0.004365
0.003513
0.000871
0.000089
0.000000
0.000000
0.000000
0.004502
0.014640
0.012882
0.009331
0.006980
0.001362
0.000000
0.000000
0.000000
0.006924
0.011385
0.014076
0.010828
0.006219
0.000430
0.000000
0.000000
0.000000
0.026780
0.029824
0.004365
0.003513
0.000871
0.000089
0.000000
0.000000
0.000000
0.007821
0.016230
0.010458
0.007525
0.005081
0.000788
0.000000
0.000000
0.000000
0.006924
0.011385
0.014076
0.010828
0.006219
0.000430
0.000000
0.000000
0.000000
0.007221
0.016960
0.019859
0.015208
0.007931
0.001781
0.000000
0.000000
0.000000
0.007821
0.016230
0.010458
0.007525
0.005081
0.000788
0.000000
0.000000
0.000000
0.003663
0.010930
0.020037
0.012360
0.008332
0.000560
0.000000
0.000000
0.000000
0.007221
0.016960
0.019859
0.015208
0.007931
0.001781
0.000000
0.000000
0.000000
0.026995
0.034421
0.025476
0.022499
0.011019
0.000726
0.000000
0.000000
0.000000
0.003663
0.010930
0.020037
0.012360
0.008332
0.000560
0.000000
0.000000
0.000000
0.004084
0.012538
0.010261
0.006640
0.006286
0.001316
0.000000
0.000000
0.000000
0.026995
0.034421
0.025476
0.022499
0.011019
0.000726
0.000000
0.000000
0.000000
0.026612
0.053563
0.010097
0.012872
0.020092
0.002054
0.000000
0.000000
0.000000
0.004084
0.012538
0.010261
0.006640
0.006286
0.001316
0.000000
0.000000
0.000000
0.010712
0.021487
0.018683
0.004677
0.003215
0.000200
0.000000
0.000000
0.000000
0.026612
0.053563
0.010097
0.012872
0.020092
0.002054
0.000000
0.000000
0.000000
0.004289
0.001646
0.007032
0.020564
0.040133
0.007149
0.000000
0.000000
0.000000
0.010712
0.021487
0.018683
0.004677
0.003215
0.000200
0.000000
0.000000
0.000000
0.016763
0.023855
0.015458
0.004435
0.008508
0.001688
0.000000
0.000000
0.000000
0.004289
0.001646
0.007032
0.020564
0.040133
0.007149
0.000000
0.000000
0.000000
0.008675
0.011061
0.007563
0.008878
0.019733
0.002214
0.000000
0.000000
0.000000
0.016763
0.023855
0.015458
0.004435
0.008508
0.001688
0.000000
0.000000
0.000000
0.007716
0.006188
0.010377
0.012608
0.008213
0.000273
0.000000
0.000000
0.000000
0.008675
0.011061
0.007563
0.008878
0.019733
0.002214
0.000000
0.000000
0.000000
0.003769
0.006455
0.009303
0.014807
0.012591
0.001118
0.000000
0.000000
0.000000
0.007716
0.006188
0.010377
0.012608
0.008213
0.000273
0.000000
0.000000
0.000000
0.010926
0.012634
0.008093
0.007362
0.003547
0.000690
0.000000
0.000000
0.000000
