0.000197
0.000169
0.000189
0.000112
0.000013
0.000000
0.000000
0.000000
0.000000
0.000022
0.000000
0.000116
0.000096
0.000006
0.000000
0.000000
0.000000
0.000000
0.000241
0.000320
0.000389
0.000310
0.000055
0.000000
0.000000
0.000000
0.000000
0.000175
0.000078
0.000316
0.000256
0.000095
0.000000
0.000000
0.000000
0.000000
0.000022
0.000000
0.000116
0.000096
0.000006
0.000000
0.000000
0.000000
0.000000
0.000219
0.000211
0.000177
0.000103
0.000013
0.000000
0.000000
0.000000
0.000000
0.000175
0.000078
0.000316
0.000256
0.000095
0.000000
0.000000
0.000000
0.000000
0.000044
0.000180
0.000380
0.000298
0.000062
0.000000
0.000000
0.000000
0.000000
0.000219
0.000211
0.000177
0.000103
0.000013
0.000000
0.000000
0.000000
0.000000
0.000000
0.000035
0.000108
0.000054
0.000000
0.000000
0.000000
0.000000
0.000000
0.000044
0.000180
0.000380
0.000298
0.000062
0.000000
0.000000
0.000000
0.000000
0.000022
0.000012
0.000204
0.000150
0.000006
0.000000
0.000000
0.000000
0.000000
0.000000
0.000035
0.000108
0.000054
0.000000
0.000000
0.000000
0.000000
0.000000
0.000241
0.000090
0.000235
0.000227
0.000039
0.000000
0.000000
0.000000
0.000000
0.000022
0.000012
0.000204
0.000150
0.000006
0.000000
0.000000
0.000000
0.000000
0.000307
0.000102
0.000310
0.000271
0.000062
0.000000
0.000000
0.000000
0.000000
0.000241
0.000090
0.000235
0.000227
0.000039
0.000000
0.000000
0.000000
0.000000
0.000044
0.000000
0.000155
0.000168
0.000049
0.000000
0.000000
0.000000
0.000000
0.000307
0.000102
0.000310
0.000271
0.000062
0.000000
0.000000
0.000000
0.000000
0.000044
0.000133
0.000172
0.000105
0.000006
0.000000
0.000000
0.000000
0.000000
0.000044
0.000000
0.000155
0.000168
0.000049
0.000000
0.000000
0.000000
0.000000
0.000022
0.000078
0.000212
0.000172
0.000019
0.000000
0.000000
0.000000
0.000000
0.000044
0.000133
0.000172
0.000105
0.000006
0.000000
0.000000
0.000000
0.000000
0.000066
0.000071
0.000216
0.000184
0.000055
0.000000
0.000000
0.000000
0.000000
0.000022
0.000078
0.000212
0.000172
0.000019
0.000000
0.000000
0.000000
0.000000
0.000197
0.000059
0.000167
0.000173
0.000039
0.000000
0.000000
0.000000
0.000000
0.000066
0.000071
0.000216
0.000184
0.000055
0.000000
0.000000
0.000000
0.000000
0.000088
0.000211
0.000293
0.000260
0.000068
0.000000
0.000000
0.000000
0.000000
0.000197
0.000059
0.000167
0.000173
0.000039
0.000000
0.000000
0.000000
0.000000
0.000000
0.000012
0.000191
0.000157
0.000013
0.000000
0.000000
0.000000
0.000000
0.000088
0.000211
0.000293
0.000260
0.000068
0.000000
0.000000
0.000000
0.000000
0.000044
0.000012
0.000243
0.000190
0.000059
0.000000
0.000000
0.000000
0.000000
0.000000
0.000012
0.000191
0.000157
0.000013
0.000000
0.000000
0.000000
0.000000
0.000110
0.000106
0.000324
0.000253
0.000062
0.000000
0.000000
0.000000
0.000000
0.000044
0.000012
0.000243
0.000190
0.000059
0.000000
0.000000
0.000000
0.000000
0.000153
0.000242
0.000401
0.000295
0.000026
0.000000
0.000000
0.000000
0.000000
0.000110
0.000106
0.000324
0.000253
0.000062
0.000000
0.000000
0.000000
0.000000
0.000088
0.000090
0.000261
0.000168
0.000006
0.000000
0.000000
0.000000
0.000000
0.000153
0.000242
0.000401
0.000295
0.000026
0.000000
0.000000
0.000000
0.000000
0.000000
0.000024
0.000111
0.000078
0.000006
0.000000
0.000000
0.000000
0.000000
0.000088
0.000090
0.000261
0.000168
0.000006
0.000000
0.000000
0.000000
0.000000
0.000000
0.000000
0.000181
0.000172
0.000019
0.000000
0.000000
0.000000
0.000000
0.000000
0.000024
0.000111
0.000078
0.000006
0.000000
0.000000
0.000000
0.000000
0.000066
0.000106
0.000246
0.000168
0.000049
0.000000
0.000000
0.000000
0.000000
0.000241
0.000320
0.000389
0.000310
0.000055
0.000000
0.000000
0.000000
0.000000
0.000175
0.000078
0.000316
0.000256
0.000095
0.000000
0.000000
0.000000
0.000000
0.000175
0.000121
0.000317
0.000350
0.000111
0.000000
0.000000
0.000000
0.000000
0.000285
0.000297
0.000399
0.000301
0.000055
0.000000
0.000000
0.000000
0.000000
0.000175
0.000078
0.000316
0.000256
0.000095
0.000000
0.000000
0.000000
0.000000
0.000044
0.000180
0.000380
0.000298
0.000062
0.000000
0.000000
0.000000
0.000000
0.000285
0.000297
0.000399
0.000301
0.000055
0.000000
0.000000
0.000000
0.000000
0.000022
0.000157
0.000386
0.000345
0.000120
0.000000
0.000000
0.000000
0.000000
0.000044
0.000180
0.000380
0.000298
0.000062
0.000000
0.000000
0.000000
0.000000
0.000022
0.000012
0.000204
0.000150
0.000006
0.000000
0.000000
0.000000
0.000000
0.000022
0.000157
0.000386
0.000345
0.000120
0.000000
0.000000
0.000000
0.000000
0.000044
0.000078
0.000225
0.000212
0.000032
0.000000
0.000000
0.000000
0.000000
0.000022
0.000012
0.000204
0.000150
0.000006
0.000000
0.000000
0.000000
0.000000
0.000307
0.000102
0.000310
0.000271
0.000062
0.000000
0.000000
0.000000
0.000000
0.000044
0.000078
0.000225
0.000212
0.000032
0.000000
0.000000
0.000000
0.000000
0.000022
0.000012
0.000127
0.000096
0.000006
0.000000
0.000000
0.000000
0.000000
0.000307
0.000102
0.000310
0.000271
0.000062
0.000000
0.000000
0.000000
0.000000
0.000044
0.000133
0.000172
0.000105
0.000006
0.000000
0.000000
0.000000
0.000000
0.000022
0.000012
0.000127
0.000096
0.000006
0.000000
0.000000
0.000000
0.000000
0.000175
0.000180
0.000471
0.000422
0.000111
0.000000
0.000000
0.000000
0.000000
0.000044
0.000133
0.000172
0.000105
0.000006
0.000000
0.000000
0.000000
0.000000
0.000066
0.000071
0.000216
0.000184
0.000055
0.000000
0.000000
0.000000
0.000000
0.000175
0.000180
0.000471
0.000422
0.000111
0.000000
0.000000
0.000000
0.000000
0.000022
0.000000
0.000155
0.000108
0.000000
0.000000
0.000000
0.000000
0.000000
0.000066
0.000071
0.000216
0.000184
0.000055
0.000000
0.000000
0.000000
0.000000
0.000088
0.000211
0.000293
0.000260
0.000068
0.000000
0.000000
0.000000
0.000000
0.000022
0.000000
0.000155
0.000108
0.000000
0.000000
0.000000
0.000000
0.000000
0.000044
0.000024
0.000253
0.000208
0.000019
0.000000
0.000000
0.000000
0.000000
0.000088
0.000211
0.000293
0.000260
0.000068
0.000000
0.000000
0.000000
0.000000
0.000044
0.000012
0.000243
0.000190
0.000059
0.000000
0.000000
0.000000
0.000000
0.000044
0.000024
0.000253
0.000208
0.000019
0.000000
0.000000
0.000000
0.000000
0.000175
0.000102
0.000297
0.000261
0.000085
0.000000
0.000000
0.000000
0.000000
0.000044
0.000012
0.000243
0.000190
0.000059
0.000000
0.000000
0.000000
0.000000
0.000153
0.000242
0.000401
0.000295
0.000026
0.000000
0.000000
0.000000
0.000000
0.000175
0.000102
0.000297
0.000261
0.000085
0.000000
0.000000
0.000000
0.000000
0.000241
0.000090
0.000300
0.000332
0.000111
0.000000
0.000000
0.000000
0.000000
0.000153
0.000242
0.000401
0.000295
0.000026
0.000000
0.000000
0.000000
0.000000
0.000000
0.000024
0.000111
0.000078
0.000006
0.000000
0.000000
0.000000
0.000000
0.000241
0.000090
0.000300
0.000332
0.000111
0.000000
0.000000
0.000000
0.000000
0.000197
0.000114
0.000230
0.000147
0.000036
0.000000
0.000000
0.000000
0.000000
0.000000
0.000024
0.000111
0.000078
0.000006
0.000000
0.000000
0.000000
0.000000
0.000066
0.000106
0.000246
0.000168
0.000049
0.000000
0.000000
0.000000
0.000000
0.000197
0.000114
0.000230
0.000147
0.000036
0.000000
0.000000
0.000000
0.000000
0.000110
0.000012
0.000127
0.000157
0.000055
0.000000
0.000000
0.000000
0.000000
0.000175
0.000121
0.000317
0.000350
0.000111
0.000000
0.000000
0.000000
0.000000
0.000285
0.000297
0.000399
0.000301
0.000055
0.000000
0.000000
0.000000
0.000000
0.000365
0.000415
0.000278
0.000157
0.000013
0.000000
0.000000
0.000000
0.000000
0.000241
0.000297
0.000425
0.000319
0.000055
0.000000
0.000000
0.000000
0.000000
0.000285
0.000297
0.000399
0.000301
0.000055
0.000000
0.000000
0.000000
0.000000
0.000022
0.000157
0.000386
0.000345
0.000120
0.000000
0.000000
0.000000
0.000000
0.000241
0.000297
0.000425
0.000319
0.000055
0.000000
0.000000
0.000000
0.000000
0.000153
0.000223
0.000420
0.000280
0.000019
0.000000
0.000000
0.000000
0.000000
0.000022
0.000157
0.000386
0.000345
0.000120
0.000000
0.000000
0.000000
0.000000
0.000044
0.000078
0.000225
0.000212
0.000032
0.000000
0.000000
0.000000
0.000000
0.000153
0.000223
0.000420
0.000280
0.000019
0.000000
0.000000
0.000000
0.000000
0.000131
0.000114
0.000243
0.000232
0.000091
0.000000
0.000000
0.000000
0.000000
0.000044
0.000078
0.000225
0.000212
0.000032
0.000000
0.000000
0.000000
0.000000
0.000022
0.000012
0.000127
0.000096
0.000006
0.000000
0.000000
0.000000
0.000000
0.000131
0.000114
0.000243
0.000232
0.000091
0.000000
0.000000
0.000000
0.000000
0.000241
0.000024
0.000487
0.000334
0.000032
0.000000
0.000000
0.000000
0.000000
0.000022
0.000012
0.000127
0.000096
0.000006
0.000000
0.000000
0.000000
0.000000
0.000175
0.000180
0.000471
0.000422
0.000111
0.000000
0.000000
0.000000
0.000000
0.000241
0.000024
0.000487
0.000334
0.000032
0.000000
0.000000
0.000000
0.000000
0.000044
0.000011
0.002276
0.022148
0.046529
0.006502
0.000000
0.000000
0.000000
0.000175
0.000180
0.000471
0.000422
0.000111
0.000000
0.000000
0.000000
0.000000
0.000022
0.000000
0.000155
0.000108
0.000000
0.000000
0.000000
0.000000
0.000000
0.000044
0.000011
0.002276
0.022148
0.046529
0.006502
0.000000
0.000000
0.000000
0.000153
0.000090
0.005908
0.025267
0.014755
0.000000
0.000000
0.000000
0.000000
0.000022
0.000000
0.000155
0.000108
0.000000
0.000000
0.000000
0.000000
0.000000
0.000044
0.000024
0.000253
0.000208
0.000019
0.000000
0.000000
0.000000
0.000000
0.000153
0.000090
0.005908
0.025267
0.014755
0.000000
0.000000
0.000000
0.000000
0.000022
0.000114
0.000269
0.000204
0.000049
0.000000
0.000000
0.000000
0.000000
0.000044
0.000024
0.000253
0.000208
0.000019
0.000000
0.000000
0.000000
0.000000
0.000175
0.000102
0.000297
0.000261
0.000085
0.000000
0.000000
0.000000
0.000000
0.000022
0.000114
0.000269
0.000204
0.000049
0.000000
0.000000
0.000000
0.000000
0.000022
0.000000
0.000104
0.000087
0.000006
0.000000
0.000000
0.000000
0.000000
0.000175
0.000102
0.000297
0.000261
0.000085
0.000000
0.000000
0.000000
0.000000
0.000241
0.000090
0.000300
0.000332
0.000111
0.000000
0.000000
0.000000
0.000000
0.000022
0.000000
0.000104
0.000087
0.000006
0.000000
0.000000
0.000000
0.000000
0.000066
0.000012
0.000114
0.000117
0.000042
0.000000
0.000000
0.000000
0.000000
0.000241
0.000090
0.000300
0.000332
0.000111
0.000000
0.000000
0.000000
0.000000
0.000197
0.000114
0.000230
0.000147
0.000036
0.000000
0.000000
0.000000
0.000000
0.000066
0.000012
0.000114
0.000117
0.000042
0.000000
0.000000
0.000000
0.000000
0.000351
0.000090
0.000132
0.000108
0.000042
0.000000
0.000000
0.000000
0.000000
0.000197
0.000114
0.000230
0.000147
0.000036
0.000000
0.000000
0.000000
0.000000
0.000110
0.000012
0.000127
0.000157
0.000055
0.000000
0.000000
0.000000
0.000000
0.000351
0.000090
0.000132
0.000108
0.000042
0.000000
0.000000
0.000000
0.000000
0.000175
0.000067
0.000176
0.000200
0.000039
0.000000
0.000000
0.000000
0.000000
0.000365
0.000415
0.000278
0.000157
0.000013
0.000000
0.000000
0.000000
0.000000
0.000241
0.000297
0.000425
0.000319
0.000055
0.000000
0.000000
0.000000
0.000000
0.000219
0.000200
0.000283
0.000182
0.000036
0.000000
0.000000
0.000000
0.000000
0.000153
0.000325
0.000358
0.000338
0.000075
0.000000
0.000000
0.000000
0.000000
0.000241
0.000297
0.000425
0.000319
0.000055
0.000000
0.000000
0.000000
0.000000
0.000153
0.000223
0.000420
0.000280
0.000019
0.000000
0.000000
0.000000
0.000000
0.000153
0.000325
0.000358
0.000338
0.000075
0.000000
0.000000
0.000000
0.000000
0.000255
0.000220
0.000280
0.000250
0.000091
0.000000
0.000000
0.000000
0.000000
0.000153
0.000223
0.000420
0.000280
0.000019
0.000000
0.000000
0.000000
0.000000
0.000131
0.000114
0.000243
0.000232
0.000091
0.000000
0.000000
0.000000
0.000000
0.000255
0.000220
0.000280
0.000250
0.000091
0.000000
0.000000
0.000000
0.000000
0.000285
0.000114
0.000294
0.000223
0.000026
0.000000
0.000000
0.000000
0.000000
0.000131
0.000114
0.000243
0.000232
0.000091
0.000000
0.000000
0.000000
0.000000
0.000241
0.000024
0.000487
0.000334
0.000032
0.000000
0.000000
0.000000
0.000000
0.000285
0.000114
0.000294
0.000223
0.000026
0.000000
0.000000
0.000000
0.000000
0.007737
0.010217
0.003832
0.000718
0.000133
0.000000
0.000000
0.000000
0.000000
0.000241
0.000024
0.000487
0.000334
0.000032
0.000000
0.000000
0.000000
0.000000
0.000044
0.000011
0.002276
0.022148
0.046529
0.006502
0.000000
0.000000
0.000000
0.007737
0.010217
0.003832
0.000718
0.000133
0.000000
0.000000
0.000000
0.000000
0.016897
0.037603
0.028828
0.024271
0.024230
0.004453
0.000000
0.000000
0.000000
0.000044
0.000011
0.002276
0.022148
0.046529
0.006502
0.000000
0.000000
0.000000
0.000153
0.000090
0.005908
0.025267
0.014755
0.000000
0.000000
0.000000
0.000000
0.016897
0.037603
0.028828
0.024271
0.024230
0.004453
0.000000
0.000000
0.000000
0.027792
0.046722
0.049418
0.018078
0.002528
0.000071
0.000000
0.000000
0.000000
0.000153
0.000090
0.005908
0.025267
0.014755
0.000000
0.000000
0.000000
0.000000
0.000022
0.000114
0.000269
0.000204
0.000049
0.000000
0.000000
0.000000
0.000000
0.027792
0.046722
0.049418
0.018078
0.002528
0.000071
0.000000
0.000000
0.000000
0.000219
0.000210
0.000455
0.000385
0.000133
0.000000
0.000000
0.000000
0.000000
0.000022
0.000114
0.000269
0.000204
0.000049
0.000000
0.000000
0.000000
0.000000
0.000022
0.000000
0.000104
0.000087
0.000006
0.000000
0.000000
0.000000
0.000000
0.000219
0.000210
0.000455
0.000385
0.000133
0.000000
0.000000
0.000000
0.000000
0.000131
0.000071
0.000345
0.000350
0.000111
0.000000
0.000000
0.000000
0.000000
0.000022
0.000000
0.000104
0.000087
0.000006
0.000000
0.000000
0.000000
0.000000
0.000066
0.000012
0.000114
0.000117
0.000042
0.000000
0.000000
0.000000
0.000000
0.000131
0.000071
0.000345
0.000350
0.000111
0.000000
0.000000
0.000000
0.000000
0.000066
0.000071
0.000293
0.000177
0.000006
0.000000
0.000000
0.000000
0.000000
0.000066
0.000012
0.000114
0.000117
0.000042
0.000000
0.000000
0.000000
0.000000
0.000351
0.000090
0.000132
0.000108
0.000042
0.000000
0.000000
0.000000
0.000000
0.000066
0.000071
0.000293
0.000177
0.000006
0.000000
0.000000
0.000000
0.000000
0.000044
0.000121
0.000252
0.000214
0.000026
0.000000
0.000000
0.000000
0.000000
0.000351
0.000090
0.000132
0.000108
0.000042
0.000000
0.000000
0.000000
0.000000
0.000175
0.000067
0.000176
0.000200
0.000039
0.000000
0.000000
0.000000
0.000000
0.000044
0.000121
0.000252
0.000214
0.000026
0.000000
0.000000
0.000000
0.000000
0.000307
0.000071
0.000321
0.000528
0.000088
0.000000
0.000000
0.000000
0.000000
0.000219
0.000200
0.000283
0.000182
0.000036
0.000000
0.000000
0.000000
0.000000
0.000153
0.000325
0.000358
0.000338
0.000075
0.000000
0.000000
0.000000
0.000000
0.000153
0.000149
0.000325
0.000239
0.000032
0.000000
0.000000
0.000000
0.000000
0.000153
0.000223
0.000239
0.000185
0.000032
0.000000
0.000000
0.000000
0.000000
0.000153
0.000325
0.000358
0.000338
0.000075
0.000000
0.000000
0.000000
0.000000
0.000255
0.000220
0.000280
0.000250
0.000091
0.000000
0.000000
0.000000
0.000000
0.000153
0.000223
0.000239
0.000185
0.000032
0.000000
0.000000
0.000000
0.000000
0.000153
0.000105
0.000368
0.000254
0.000039
0.000000
0.000000
0.000000
0.000000
0.000255
0.000220
0.000280
0.000250
0.000091
0.000000
0.000000
0.000000
0.000000
0.000285
0.000114
0.000294
0.000223
0.000026
0.000000
0.000000
0.000000
0.000000
0.000153
0.000105
0.000368
0.000254
0.000039
0.000000
0.000000
0.000000
0.000000
0.000131
0.000114
0.000333
0.000249
0.000049
0.000000
0.000000
0.000000
0.000000
0.000285
0.000114
0.000294
0.000223
0.000026
0.000000
0.000000
0.000000
0.000000
0.007737
0.010217
0.003832
0.000718
0.000133
0.000000
0.000000
0.000000
0.000000
0.000131
0.000114
0.000333
0.000249
0.000049
0.000000
0.000000
0.000000
0.000000
0.003884
0.008372
0.009676
0.004331
0.000078
0.000000
0.000000
0.000000
0.000000
0.007737
0.010217
0.003832
0.000718
0.000133
0.000000
0.000000
0.000000
0.000000
0.016897
0.037603
0.028828
0.024271
0.024230
0.004453
0.000000
0.000000
0.000000
0.003884
0.008372
0.009676
0.004331
0.000078
0.000000
0.000000
0.000000
0.000000
0.028009
0.033436
0.023714
0.021632
0.007630
0.000977
0.000000
0.000000
0.000000
0.016897
0.037603
0.028828
0.024271
0.024230
0.004453
0.000000
0.000000
0.000000
0.027792
0.046722
0.049418
0.018078
0.002528
0.000071
0.000000
0.000000
0.000000
0.028009
0.033436
0.023714
0.021632
0.007630
0.000977
0.000000
0.000000
0.000000
0.014173
0.031451
0.040349
0.033215
0.013298
0.001385
0.000000
0.000000
0.000000
0.027792
0.046722
0.049418
0.018078
0.002528
0.000071
0.000000
0.000000
0.000000
0.000219
0.000210
0.000455
0.000385
0.000133
0.000000
0.000000
0.000000
0.000000
0.014173
0.031451
0.040349
0.033215
0.013298
0.001385
0.000000
0.000000
0.000000
0.000066
0.000373
0.033166
0.026836
0.000019
0.000000
0.000000
0.000000
0.000000
0.000219
0.000210
0.000455
0.000385
0.000133
0.000000
0.000000
0.000000
0.000000
0.000131
0.000071
0.000345
0.000350
0.000111
0.000000
0.000000
0.000000
0.000000
0.000066
0.000373
0.033166
0.026836
0.000019
0.000000
0.000000
0.000000
0.000000
0.000131
0.000078
0.000331
0.000300
0.000013
0.000000
0.000000
0.000000
0.000000
0.000131
0.000071
0.000345
0.000350
0.000111
0.000000
0.000000
0.000000
0.000000
0.000066
0.000071
0.000293
0.000177
0.000006
0.000000
0.000000
0.000000
0.000000
0.000131
0.000078
0.000331
0.000300
0.000013
0.000000
0.000000
0.000000
0.000000
0.000197
0.000090
0.000248
0.000205
0.000026
0.000000
0.000000
0.000000
0.000000
0.000066
0.000071
0.000293
0.000177
0.000006
0.000000
0.000000
0.000000
0.000000
0.000044
0.000121
0.000252
0.000214
0.000026
0.000000
0.000000
0.000000
0.000000
0.000197
0.000090
0.000248
0.000205
0.000026
0.000000
0.000000
0.000000
0.000000
0.000219
0.000035
0.000186
0.000230
0.000075
0.000000
0.000000
0.000000
0.000000
0.000044
0.000121
0.000252
0.000214
0.000026
0.000000
0.000000
0.000000
0.000000
0.000307
0.000071
0.000321
0.000528
0.000088
0.000000
0.000000
0.000000
0.000000
0.000219
0.000035
0.000186
0.000230
0.000075
0.000000
0.000000
0.000000
0.000000
0.004179
0.048412
0.051046
0.016289
0.001236
0.000000
0.000000
0.000000
0.000000
0.000153
0.000149
0.000325
0.000239
0.000032
0.000000
0.000000
0.000000
0.000000
0.000153
0.000223
0.000239
0.000185
0.000032
0.000000
0.000000
0.000000
0.000000
0.000175
0.000242
0.000401
0.000294
0.000049
0.000000
0.000000
0.000000
0.000000
0.000175
0.000145
0.000311
0.000271
0.000062
0.000000
0.000000
0.000000
0.000000
0.000153
0.000223
0.000239
0.000185
0.000032
0.000000
0.000000
0.000000
0.000000
0.000153
0.000105
0.000368
0.000254
0.000039
0.000000
0.000000
0.000000
0.000000
0.000175
0.000145
0.000311
0.000271
0.000062
0.000000
0.000000
0.000000
0.000000
0.000131
0.000266
0.000317
0.000237
0.000078
0.000000
0.000000
0.000000
0.000000
0.000153
0.000105
0.000368
0.000254
0.000039
0.000000
0.000000
0.000000
0.000000
0.000131
0.000114
0.000333
0.000249
0.000049
0.000000
0.000000
0.000000
0.000000
0.000131
0.000266
0.000317
0.000237
0.000078
0.000000
0.000000
0.000000
0.000000
0.000110
0.000204
0.000297
0.000196
0.000026
0.000000
0.000000
0.000000
0.000000
0.000131
0.000114
0.000333
0.000249
0.000049
0.000000
0.000000
0.000000
0.000000
0.003884
0.008372
0.009676
0.004331
0.000078
0.000000
0.000000
0.000000
0.000000
0.000110
0.000204
0.000297
0.000196
0.000026
0.000000
0.000000
0.000000
0.000000
0.016554
0.066408
0.044603
0.008792
0.000290
0.000007
0.000000
0.000000
0.000000
0.003884
0.008372
0.009676
0.004331
0.000078
0.000000
0.000000
0.000000
0.000000
0.028009
0.033436
0.023714
0.021632
0.007630
0.000977
0.000000
0.000000
0.000000
0.016554
0.066408
0.044603
0.008792
0.000290
0.000007
0.000000
0.000000
0.000000
0.009993
0.012790
0.006277
0.009240
0.006629
0.000564
0.000000
0.000000
0.000000
0.028009
0.033436
0.023714
0.021632
0.007630
0.000977
0.000000
0.000000
0.000000
0.014173
0.031451
0.040349
0.033215
0.013298
0.001385
0.000000
0.000000
0.000000
0.009993
0.012790
0.006277
0.009240
0.006629
0.000564
0.000000
0.000000
0.000000
0.004737
0.007347
0.006235
0.005340
0.004646
0.000972
0.000000
0.000000
0.000000
0.014173
0.031451
0.040349
0.033215
0.013298
0.001385
0.000000
0.000000
0.000000
0.000066
0.000373
0.033166
0.026836
0.000019
0.000000
0.000000
0.000000
0.000000
0.004737
0.007347
0.006235
0.005340
0.004646
0.000972
0.000000
0.000000
0.000000
0.029439
0.046292
0.043243
0.006637
0.002724
0.000211
0.000000
0.000000
0.000000
0.000066
0.000373
0.033166
0.026836
0.000019
0.000000
0.000000
0.000000
0.000000
0.000131
0.000078
0.000331
0.000300
0.000013
0.000000
0.000000
0.000000
0.000000
0.029439
0.046292
0.043243
0.006637
0.002724
0.000211
0.000000
0.000000
0.000000
0.000263
0.000297
0.000205
0.000136
0.000019
0.000000
0.000000
0.000000
0.000000
0.000131
0.000078
0.000331
0.000300
0.000013
0.000000
0.000000
0.000000
0.000000
0.000197
0.000090
0.000248
0.000205
0.000026
0.000000
0.000000
0.000000
0.000000
0.000263
0.000297
0.000205
0.000136
0.000019
0.000000
0.000000
0.000000
0.000000
0.000153
0.000000
0.000207
0.000174
0.000036
0.000000
0.000000
0.000000
0.000000
0.000197
0.000090
0.000248
0.000205
0.000026
0.000000
0.000000
0.000000
0.000000
0.000219
0.000035
0.000186
0.000230
0.000075
0.000000
0.000000
0.000000
0.000000
0.000153
0.000000
0.000207
0.000174
0.000036
0.000000
0.000000
0.000000
0.000000
0.000095
0.001212
0.005377
0.000516
0.000186
0.000000
0.000000
0.000000
0.000000
0.000219
0.000035
0.000186
0.000230
0.000075
0.000000
0.000000
0.000000
0.000000
0.004179
0.048412
0.051046
0.016289
0.001236
0.000000
0.000000
0.000000
0.000000
0.000095
0.001212
0.005377
0.000516
0.000186
0.000000
0.000000
0.000000
0.000000
0.019508
0.083809
0.026891
0.002122
0.003034
0.000174
0.000000
0.000000
0.000000
0.000175
0.000242
0.000401
0.000294
0.000049
0.000000
0.000000
0.000000
0.000000
0.000175
0.000145
0.000311
0.000271
0.000062
0.000000
0.000000
0.000000
0.000000
0.000131
0.000289
0.000486
0.000294
0.000049
0.000000
0.000000
0.000000
0.000000
0.000131
0.000247
0.000324
0.000289
0.000127
0.000000
0.000000
0.000000
0.000000
0.000175
0.000145
0.000311
0.000271
0.000062
0.000000
0.000000
0.000000
0.000000
0.000131
0.000266
0.000317
0.000237
0.000078
0.000000
0.000000
0.000000
0.000000
0.000131
0.000247
0.000324
0.000289
0.000127
0.000000
0.000000
0.000000
0.000000
0.000234
0.000176
0.000310
0.000226
0.000062
0.000000
0.000000
0.000000
0.000000
0.000131
0.000266
0.000317
0.000237
0.000078
0.000000
0.000000
0.000000
0.000000
0.000110
0.000204
0.000297
0.000196
0.000026
0.000000
0.000000
0.000000
0.000000
0.000234
0.000176
0.000310
0.000226
0.000062
0.000000
0.000000
0.000000
0.000000
0.000153
0.000078
0.000238
0.000341
0.000153
0.000000
0.000000
0.000000
0.000000
0.000110
0.000204
0.000297
0.000196
0.000026
0.000000
0.000000
0.000000
0.000000
0.016554
0.066408
0.044603
0.008792
0.000290
0.000007
0.000000
0.000000
0.000000
0.000153
0.000078
0.000238
0.000341
0.000153
0.000000
0.000000
0.000000
0.000000
0.044620
0.060186
0.002914
0.001250
0.001518
0.000637
0.000000
0.000000
0.000000
0.016554
0.066408
0.044603
0.008792
0.000290
0.000007
0.000000
0.000000
0.000000
0.009993
0.012790
0.006277
0.009240
0.006629
0.000564
0.000000
0.000000
0.000000
0.044620
0.060186
0.002914
0.001250
0.001518
0.000637
0.000000
0.000000
0.000000
0.003615
0.006336
0.001826
0.002120
0.005585
0.000438
0.000000
0.000000
0.000000
0.009993
0.012790
0.006277
0.009240
0.006629
0.000564
0.000000
0.000000
0.000000
0.004737
0.007347
0.006235
0.005340
0.004646
0.000972
0.000000
0.000000
0.000000
0.003615
0.006336
0.001826
0.002120
0.005585
0.000438
0.000000
0.000000
0.000000
0.006680
0.008353
0.003641
0.002783
0.004090
0.001165
0.000000
0.000000
0.000000
0.004737
0.007347
0.006235
0.005340
0.004646
0.000972
0.000000
0.000000
0.000000
0.029439
0.046292
0.043243
0.006637
0.002724
0.000211
0.000000
0.000000
0.000000
0.006680
0.008353
0.003641
0.002783
0.004090
0.001165
0.000000
0.000000
0.000000
0.077175
0.016800
0.006355
0.010765
0.001980
0.000000
0.000000
0.000000
0.000000
0.029439
0.046292
0.043243
0.006637
0.002724
0.000211
0.000000
0.000000
0.000000
0.000263
0.000297
0.000205
0.000136
0.000019
0.000000
0.000000
0.000000
0.000000
0.077175
0.016800
0.006355
0.010765
0.001980
0.000000
0.000000
0.000000
0.000000
0.000219
0.000192
0.000429
0.000403
0.000071
0.000000
0.000000
0.000000
0.000000
0.000263
0.000297
0.000205
0.000136
0.000019
0.000000
0.000000
0.000000
0.000000
0.000153
0.000000
0.000207
0.000174
0.000036
0.000000
0.000000
0.000000
0.000000
0.000219
0.000192
0.000429
0.000403
0.000071
0.000000
0.000000
0.000000
0.000000
0.000307
0.000114
0.000217
0.000230
0.000075
0.000000
0.000000
0.000000
0.000000
0.000153
0.000000
0.000207
0.000174
0.000036
0.000000
0.000000
0.000000
0.000000
0.000095
0.001212
0.005377
0.000516
0.000186
0.000000
0.000000
0.000000
0.000000
0.000307
0.000114
0.000217
0.000230
0.000075
0.000000
0.000000
0.000000
0.000000
0.020495
0.028688
0.008277
0.000307
0.000042
0.000000
0.000000
0.000000
0.000000
0.000095
0.001212
0.005377
0.000516
0.000186
0.000000
0.000000
0.000000
0.000000
0.019508
0.083809
0.026891
0.002122
0.003034
0.000174
0.000000
0.000000
0.000000
0.020495
0.028688
0.008277
0.000307
0.000042
0.000000
0.000000
0.000000
0.000000
0.014591
0.045763
0.012317
0.006041
0.002304
0.000000
0.000000
0.000000
0.000000
0.000131
0.000289
0.000486
0.000294
0.000049
0.000000
0.000000
0.000000
0.000000
0.000131
0.000247
0.000324
0.000289
0.000127
0.000000
0.000000
0.000000
0.000000
0.000131
0.000165
0.000354
0.000240
0.000052
0.000000
0.000000
0.000000
0.000000
0.000110
0.000047
0.000234
0.000287
0.000111
0.000000
0.000000
0.000000
0.000000
0.000131
0.000247
0.000324
0.000289
0.000127
0.000000
0.000000
0.000000
0.000000
0.000234
0.000176
0.000310
0.000226
0.000062
0.000000
0.000000
0.000000
0.000000
0.000110
0.000047
0.000234
0.000287
0.000111
0.000000
0.000000
0.000000
0.000000
0.000153
0.000180
0.000393
0.000307
0.000062
0.000000
0.000000
0.000000
0.000000
0.000234
0.000176
0.000310
0.000226
0.000062
0.000000
0.000000
0.000000
0.000000
0.000153
0.000078
0.000238
0.000341
0.000153
0.000000
0.000000
0.000000
0.000000
0.000153
0.000180
0.000393
0.000307
0.000062
0.000000
0.000000
0.000000
0.000000
0.000219
0.004822
0.003697
0.000410
0.000143
0.000000
0.000000
0.000000
0.000000
0.000153
0.000078
0.000238
0.000341
0.000153
0.000000
0.000000
0.000000
0.000000
0.044620
0.060186
0.002914
0.001250
0.001518
0.000637
0.000000
0.000000
0.000000
0.000219
0.004822
0.003697
0.000410
0.000143
0.000000
0.000000
0.000000
0.000000
0.028118
0.078824
0.007127
0.001576
0.001454
0.000096
0.000000
0.000000
0.000000
0.044620
0.060186
0.002914
0.001250
0.001518
0.000637
0.000000
0.000000
0.000000
0.003615
0.006336
0.001826
0.002120
0.005585
0.000438
0.000000
0.000000
0.000000
0.028118
0.078824
0.007127
0.001576
0.001454
0.000096
0.000000
0.000000
0.000000
0.001392
0.003517
0.003196
0.001957
0.001195
0.000028
0.000000
0.000000
0.000000
0.003615
0.006336
0.001826
0.002120
0.005585
0.000438
0.000000
0.000000
0.000000
0.006680
0.008353
0.003641
0.002783
0.004090
0.001165
0.000000
0.000000
0.000000
0.001392
0.003517
0.003196
0.001957
0.001195
0.000028
0.000000
0.000000
0.000000
0.006382
0.008310
0.003708
0.000769
0.000700
0.000007
0.000000
0.000000
0.000000
0.006680
0.008353
0.003641
0.002783
0.004090
0.001165
0.000000
0.000000
0.000000
0.077175
0.016800
0.006355
0.010765
0.001980
0.000000
0.000000
0.000000
0.000000
0.006382
0.008310
0.003708
0.000769
0.000700
0.000007
0.000000
0.000000
0.000000
0.092703
0.012526
0.000188
0.000054
0.000000
0.000000
0.000000
0.000000
0.000000
0.077175
0.016800
0.006355
0.010765
0.001980
0.000000
0.000000
0.000000
0.000000
0.000219
0.000192
0.000429
0.000403
0.000071
0.000000
0.000000
0.000000
0.000000
0.092703
0.012526
0.000188
0.000054
0.000000
0.000000
0.000000
0.000000
0.000000
0.000088
0.000223
0.000291
0.000190
0.000019
0.000000
0.000000
0.000000
0.000000
0.000219
0.000192
0.000429
0.000403
0.000071
0.000000
0.000000
0.000000
0.000000
0.000307
0.000114
0.000217
0.000230
0.000075
0.000000
0.000000
0.000000
0.000000
0.000088
0.000223
0.000291
0.000190
0.000019
0.000000
0.000000
0.000000
0.000000
0.000197
0.000000
0.000168
0.000194
0.000032
0.000000
0.000000
0.000000
0.000000
0.000307
0.000114
0.000217
0.000230
0.000075
0.000000
0.000000
0.000000
0.000000
0.020495
0.028688
0.008277
0.000307
0.000042
0.000000
0.000000
0.000000
0.000000
0.000197
0.000000
0.000168
0.000194
0.000032
0.000000
0.000000
0.000000
0.000000
0.007276
0.002311
0.000276
0.000168
0.000049
0.000000
0.000000
0.000000
0.000000
0.020495
0.028688
0.008277
0.000307
0.000042
0.000000
0.000000
0.000000
0.000000
0.014591
0.045763
0.012317
0.006041
0.002304
0.000000
0.000000
0.000000
0.000000
0.007276
0.002311
0.000276
0.000168
0.000049
0.000000
0.000000
0.000000
0.000000
0.081938
0.014784
0.003005
0.000909
0.000145
0.000000
0.000000
0.000000
0.000000
0.000131
0.000165
0.000354
0.000240
0.000052
0.000000
0.000000
0.000000
0.000000
0.000110
0.000047
0.000234
0.000287
0.000111
0.000000
0.000000
0.000000
0.000000
0.000175
0.000211
0.000255
0.000157
0.000013
0.000000
0.000000
0.000000
0.000000
0.000241
0.000024
0.000214
0.000166
0.000013
0.000000
0.000000
0.000000
0.000000
0.000110
0.000047
0.000234
0.000287
0.000111
0.000000
0.000000
0.000000
0.000000
0.000153
0.000180
0.000393
0.000307
0.000062
0.000000
0.000000
0.000000
0.000000
0.000241
0.000024
0.000214
0.000166
0.000013
0.000000
0.000000
0.000000
0.000000
0.000153
0.000046
0.000409
0.000421
0.000176
0.000000
0.000000
0.000000
0.000000
0.000153
0.000180
0.000393
0.000307
0.000062
0.000000
0.000000
0.000000
0.000000
0.000219
0.004822
0.003697
0.000410
0.000143
0.000000
0.000000
0.000000
0.000000
0.000153
0.000046
0.000409
0.000421
0.000176
0.000000
0.000000
0.000000
0.000000
0.008133
0.071212
0.009404
0.000420
0.000108
0.000000
0.000000
0.000000
0.000000
0.000219
0.004822
0.003697
0.000410
0.000143
0.000000
0.000000
0.000000
0.000000
0.028118
0.078824
0.007127
0.001576
0.001454
0.000096
0.000000
0.000000
0.000000
0.008133
0.071212
0.009404
0.000420
0.000108
0.000000
0.000000
0.000000
0.000000
0.026619
0.085719
0.030665
0.012558
0.005266
0.000787
0.000000
0.000000
0.000000
0.028118
0.078824
0.007127
0.001576
0.001454
0.000096
0.000000
0.000000
0.000000
0.001392
0.003517
0.003196
0.001957
0.001195
0.000028
0.000000
0.000000
0.000000
0.026619
0.085719
0.030665
0.012558
0.005266
0.000787
0.000000
0.000000
0.000000
0.001099
0.001059
0.003504
0.003364
0.001863
0.000111
0.000000
0.000000
0.000000
0.001392
0.003517
0.003196
0.001957
0.001195
0.000028
0.000000
0.000000
0.000000
0.006382
0.008310
0.003708
0.000769
0.000700
0.000007
0.000000
0.000000
0.000000
0.001099
0.001059
0.003504
0.003364
0.001863
0.000111
0.000000
0.000000
0.000000
0.002791
0.012244
0.008410
0.002848
0.000348
0.000007
0.000000
0.000000
0.000000
0.006382
0.008310
0.003708
0.000769
0.000700
0.000007
0.000000
0.000000
0.000000
0.092703
0.012526
0.000188
0.000054
0.000000
0.000000
0.000000
0.000000
0.000000
0.002791
0.012244
0.008410
0.002848
0.000348
0.000007
0.000000
0.000000
0.000000
0.074089
0.035669
0.003556
0.000989
0.000000
0.000000
0.000000
0.000000
0.000000
0.092703
0.012526
0.000188
0.000054
0.000000
0.000000
0.000000
0.000000
0.000000
0.000088
0.000223
0.000291
0.000190
0.000019
0.000000
0.000000
0.000000
0.000000
0.074089
0.035669
0.003556
0.000989
0.000000
0.000000
0.000000
0.000000
0.000000
0.000241
0.000145
0.000259
0.000219
0.000078
0.000000
0.000000
0.000000
0.000000
0.000088
0.000223
0.000291
0.000190
0.000019
0.000000
0.000000
0.000000
0.000000
0.000197
0.000000
0.000168
0.000194
0.000032
0.000000
0.000000
0.000000
0.000000
0.000241
0.000145
0.000259
0.000219
0.000078
0.000000
0.000000
0.000000
0.000000
0.000153
0.000083
0.000355
0.000304
0.000091
0.000000
0.000000
0.000000
0.000000
0.000197
0.000000
0.000168
0.000194
0.000032
0.000000
0.000000
0.000000
0.000000
0.007276
0.002311
0.000276
0.000168
0.000049
0.000000
0.000000
0.000000
0.000000
0.000153
0.000083
0.000355
0.000304
0.000091
0.000000
0.000000
0.000000
0.000000
0.006624
0.013767
0.001467
0.000175
0.000055
0.000000
0.000000
0.000000
0.000000
0.007276
0.002311
0.000276
0.000168
0.000049
0.000000
0.000000
0.000000
0.000000
0.081938
0.014784
0.003005
0.000909
0.000145
0.000000
0.000000
0.000000
0.000000
0.006624
0.013767
0.001467
0.000175
0.000055
0.000000
0.000000
0.000000
0.000000
0.048512
0.049014
0.003165
0.001629
0.001031
0.000192
0.000000
0.000000
0.000000
0.000175
0.000211
0.000255
0.000157
0.000013
0.000000
0.000000
0.000000
0.000000
0.000241
0.000024
0.000214
0.000166
0.000013
0.000000
0.000000
0.000000
0.000000
0.000175
0.000095
0.000314
0.000208
0.000019
0.000000
0.000000
0.000000
0.000000
0.000219
0.000012
0.000152
0.000207
0.000045
0.000000
0.000000
0.000000
0.000000
0.000241
0.000024
0.000214
0.000166
0.000013
0.000000
0.000000
0.000000
0.000000
0.000153
0.000046
0.000409
0.000421
0.000176
0.000000
0.000000
0.000000
0.000000
0.000219
0.000012
0.000152
0.000207
0.000045
0.000000
0.000000
0.000000
0.000000
0.000088
0.000078
0.000342
0.000277
0.000026
0.000000
0.000000
0.000000
0.000000
0.000153
0.000046
0.000409
0.000421
0.000176
0.000000
0.000000
0.000000
0.000000
0.008133
0.071212
0.009404
0.000420
0.000108
0.000000
0.000000
0.000000
0.000000
0.000088
0.000078
0.000342
0.000277
0.000026
0.000000
0.000000
0.000000
0.000000
0.002052
0.030000
0.014629
0.019681
0.020314
0.001680
0.000000
0.000000
0.000000
0.008133
0.071212
0.009404
0.000420
0.000108
0.000000
0.000000
0.000000
0.000000
0.026619
0.085719
0.030665
0.012558
0.005266
0.000787
0.000000
0.000000
0.000000
0.002052
0.030000
0.014629
0.019681
0.020314
0.001680
0.000000
0.000000
0.000000
0.028826
0.061210
0.033999
0.009705
0.009512
0.001839
0.000000
0.000000
0.000000
0.026619
0.085719
0.030665
0.012558
0.005266
0.000787
0.000000
0.000000
0.000000
0.001099
0.001059
0.003504
0.003364
0.001863
0.000111
0.000000
0.000000
0.000000
0.028826
0.061210
0.033999
0.009705
0.009512
0.001839
0.000000
0.000000
0.000000
0.029075
0.013016
0.003675
0.002812
0.010792
0.004245
0.000000
0.000000
0.000000
0.001099
0.001059
0.003504
0.003364
0.001863
0.000111
0.000000
0.000000
0.000000
0.002791
0.012244
0.008410
0.002848
0.000348
0.000007
0.000000
0.000000
0.000000
0.029075
0.013016
0.003675
0.002812
0.010792
0.004245
0.000000
0.000000
0.000000
0.004909
0.005099
0.004689
0.007433
0.007615
0.001460
0.000000
0.000000
0.000000
0.002791
0.012244
0.008410
0.002848
0.000348
0.000007
0.000000
0.000000
0.000000
0.074089
0.035669
0.003556
0.000989
0.000000
0.000000
0.000000
0.000000
0.000000
0.004909
0.005099
0.004689
0.007433
0.007615
0.001460
0.000000
0.000000
0.000000
0.046938
0.045733
0.016116
0.012012
0.003102
0.000000
0.000000
0.000000
0.000000
0.074089
0.035669
0.003556
0.000989
0.000000
0.000000
0.000000
0.000000
0.000000
0.000241
0.000145
0.000259
0.000219
0.000078
0.000000
0.000000
0.000000
0.000000
0.046938
0.045733
0.016116
0.012012
0.003102
0.000000
0.000000
0.000000
0.000000
0.000175
0.000168
0.000337
0.000304
0.000133
0.000000
0.000000
0.000000
0.000000
0.000241
0.000145
0.000259
0.000219
0.000078
0.000000
0.000000
0.000000
0.000000
0.000153
0.000083
0.000355
0.000304
0.000091
0.000000
0.000000
0.000000
0.000000
0.000175
0.000168
0.000337
0.000304
0.000133
0.000000
0.000000
0.000000
0.000000
0.000219
0.000047
0.000247
0.000267
0.000052
0.000000
0.000000
0.000000
0.000000
0.000153
0.000083
0.000355
0.000304
0.000091
0.000000
0.000000
0.000000
0.000000
0.006624
0.013767
0.001467
0.000175
0.000055
0.000000
0.000000
0.000000
0.000000
0.000219
0.000047
0.000247
0.000267
0.000052
0.000000
0.000000
0.000000
0.000000
0.000263
0.000232
0.001244
0.000294
0.000049
0.000000
0.000000
0.000000
0.000000
0.006624
0.013767
0.001467
0.000175
0.000055
0.000000
0.000000
0.000000
0.000000
0.048512
0.049014
0.003165
0.001629
0.001031
0.000192
0.000000
0.000000
0.000000
0.000263
0.000232
0.001244
0.000294
0.000049
0.000000
0.000000
0.000000
0.000000
0.011000
0.073798
0.030211
0.008052
0.015612
0.001772
0.000000
0.000000
0.000000
0.000175
0.000095
0.000314
0.000208
0.000019
0.000000
0.000000
0.000000
0.000000
0.000219
0.000012
0.000152
0.000207
0.000045
0.000000
0.000000
0.000000
0.000000
0.000066
0.000035
0.000263
0.000314
0.000111
0.000000
0.000000
0.000000
0.000000
0.000197
0.000169
0.000344
0.000235
0.000019
0.000000
0.000000
0.000000
0.000000
0.000219
0.000012
0.000152
0.000207
0.000045
0.000000
0.000000
0.000000
0.000000
0.000088
0.000078
0.000342
0.000277
0.000026
0.000000
0.000000
0.000000
0.000000
0.000197
0.000169
0.000344
0.000235
0.000019
0.000000
0.000000
0.000000
0.000000
0.000307
0.000169
0.000331
0.000287
0.000068
0.000000
0.000000
0.000000
0.000000
0.000088
0.000078
0.000342
0.000277
0.000026
0.000000
0.000000
0.000000
0.000000
0.002052
0.030000
0.014629
0.019681
0.020314
0.001680
0.000000
0.000000
0.000000
0.000307
0.000169
0.000331
0.000287
0.000068
0.000000
0.000000
0.000000
0.000000
0.000088
0.000012
0.000178
0.000117
0.000000
0.000000
0.000000
0.000000
0.000000
0.002052
0.030000
0.014629
0.019681
0.020314
0.001680
0.000000
0.000000
0.000000
0.028826
0.061210
0.033999
0.009705
0.009512
0.001839
0.000000
0.000000
0.000000
0.000088
0.000012
0.000178
0.000117
0.000000
0.000000
0.000000
0.000000
0.000000
0.005391
0.008174
0.004718
0.000037
0.000000
0.000000
0.000000
0.000000
0.000000
0.028826
0.061210
0.033999
0.009705
0.009512
0.001839
0.000000
0.000000
0.000000
0.029075
0.013016
0.003675
0.002812
0.010792
0.004245
0.000000
0.000000
0.000000
0.005391
0.008174
0.004718
0.000037
0.000000
0.000000
0.000000
0.000000
0.000000
0.019725
0.049756
0.017496
0.014135
0.018898
0.001809
0.000000
0.000000
0.000000
0.029075
0.013016
0.003675
0.002812
0.010792
0.004245
0.000000
0.000000
0.000000
0.004909
0.005099
0.004689
0.007433
0.007615
0.001460
0.000000
0.000000
0.000000
0.019725
0.049756
0.017496
0.014135
0.018898
0.001809
0.000000
0.000000
0.000000
0.036728
0.046569
0.019018
0.025297
0.027178
0.002158
0.000000
0.000000
0.000000
0.004909
0.005099
0.004689
0.007433
0.007615
0.001460
0.000000
0.000000
0.000000
0.046938
0.045733
0.016116
0.012012
0.003102
0.000000
0.000000
0.000000
0.000000
0.036728
0.046569
0.019018
0.025297
0.027178
0.002158
0.000000
0.000000
0.000000
0.042097
0.026283
0.005007
0.004033
0.000857
0.000000
0.000000
0.000000
0.000000
0.046938
0.045733
0.016116
0.012012
0.003102
0.000000
0.000000
0.000000
0.000000
0.000175
0.000168
0.000337
0.000304
0.000133
0.000000
0.000000
0.000000
0.000000
0.042097
0.026283
0.005007
0.004033
0.000857
0.000000
0.000000
0.000000
0.000000
0.000329
0.000102
0.000245
0.000362
0.000189
0.000000
0.000000
0.000000
0.000000
0.000175
0.000168
0.000337
0.000304
0.000133
0.000000
0.000000
0.000000
0.000000
0.000219
0.000047
0.000247
0.000267
0.000052
0.000000
0.000000
0.000000
0.000000
0.000329
0.000102
0.000245
0.000362
0.000189
0.000000
0.000000
0.000000
0.000000
0.000175
0.000176
0.000250
0.000252
0.000045
0.000000
0.000000
0.000000
0.000000
0.000219
0.000047
0.000247
0.000267
0.000052
0.000000
0.000000
0.000000
0.000000
0.000263
0.000232
0.001244
0.000294
0.000049
0.000000
0.000000
0.000000
0.000000
0.000175
0.000176
0.000250
0.000252
0.000045
0.000000
0.000000
0.000000
0.000000
0.000153
0.000278
0.000276
0.000264
0.000081
0.000000
0.000000
0.000000
0.000000
0.000263
0.000232
0.001244
0.000294
0.000049
0.000000
0.000000
0.000000
0.000000
0.011000
0.073798
0.030211
0.008052
0.015612
0.001772
0.000000
0.000000
0.000000
0.000153
0.000278
0.000276
0.000264
0.000081
0.000000
0.000000
0.000000
0.000000
0.005303
0.022642
0.026058
0.012603
0.000998
0.000000
0.000000
0.000000
0.000000
0.000066
0.000035
0.000263
0.000314
0.000111
0.000000
0.000000
0.000000
0.000000
0.000197
0.000169
0.000344
0.000235
0.000019
0.000000
0.000000
0.000000
0.000000
0.000131
0.000102
0.000284
0.000192
0.000013
0.000000
0.000000
0.000000
0.000000
0.000131
0.000188
0.000144
0.000063
0.000000
0.000000
0.000000
0.000000
0.000000
0.000197
0.000169
0.000344
0.000235
0.000019
0.000000
0.000000
0.000000
0.000000
0.000307
0.000169
0.000331
0.000287
0.000068
0.000000
0.000000
0.000000
0.000000
0.000131
0.000188
0.000144
0.000063
0.000000
0.000000
0.000000
0.000000
0.000000
0.000153
0.000024
0.000227
0.000174
0.000013
0.000000
0.000000
0.000000
0.000000
0.000307
0.000169
0.000331
0.000287
0.000068
0.000000
0.000000
0.000000
0.000000
0.000088
0.000012
0.000178
0.000117
0.000000
0.000000
0.000000
0.000000
0.000000
0.000153
0.000024
0.000227
0.000174
0.000013
0.000000
0.000000
0.000000
0.000000
0.000285
0.000059
0.000206
0.000153
0.000042
0.000000
0.000000
0.000000
0.000000
0.000088
0.000012
0.000178
0.000117
0.000000
0.000000
0.000000
0.000000
0.000000
0.005391
0.008174
0.004718
0.000037
0.000000
0.000000
0.000000
0.000000
0.000000
0.000285
0.000059
0.000206
0.000153
0.000042
0.000000
0.000000
0.000000
0.000000
0.000044
0.000176
0.000211
0.000117
0.000000
0.000000
0.000000
0.000000
0.000000
0.005391
0.008174
0.004718
0.000037
0.000000
0.000000
0.000000
0.000000
0.000000
0.019725
0.049756
0.017496
0.014135
0.018898
0.001809
0.000000
0.000000
0.000000
0.000044
0.000176
0.000211
0.000117
0.000000
0.000000
0.000000
0.000000
0.000000
0.063391
0.030021
0.004853
0.001756
0.001530
0.000173
0.000000
0.000000
0.000000
0.019725
0.049756
0.017496
0.014135
0.018898
0.001809
0.000000
0.000000
0.000000
0.036728
0.046569
0.019018
0.025297
0.027178
0.002158
0.000000
0.000000
0.000000
0.063391
0.030021
0.004853
0.001756
0.001530
0.000173
0.000000
0.000000
0.000000
0.045072
0.066711
0.037951
0.001082
0.000016
0.000000
0.000000
0.000000
0.000000
0.036728
0.046569
0.019018
0.025297
0.027178
0.002158
0.000000
0.000000
0.000000
0.042097
0.026283
0.005007
0.004033
0.000857
0.000000
0.000000
0.000000
0.000000
0.045072
0.066711
0.037951
0.001082
0.000016
0.000000
0.000000
0.000000
0.000000
0.005137
0.070674
0.052010
0.002602
0.000659
0.000204
0.000000
0.000000
0.000000
0.042097
0.026283
0.005007
0.004033
0.000857
0.000000
0.000000
0.000000
0.000000
0.000329
0.000102
0.000245
0.000362
0.000189
0.000000
0.000000
0.000000
0.000000
0.005137
0.070674
0.052010
0.002602
0.000659
0.000204
0.000000
0.000000
0.000000
0.000022
0.003170
0.003529
0.000417
0.000006
0.000000
0.000000
0.000000
0.000000
0.000329
0.000102
0.000245
0.000362
0.000189
0.000000
0.000000
0.000000
0.000000
0.000175
0.000176
0.000250
0.000252
0.000045
0.000000
0.000000
0.000000
0.000000
0.000022
0.003170
0.003529
0.000417
0.000006
0.000000
0.000000
0.000000
0.000000
0.000175
0.000126
0.000369
0.000359
0.000111
0.000000
0.000000
0.000000
0.000000
0.000175
0.000176
0.000250
0.000252
0.000045
0.000000
0.000000
0.000000
0.000000
0.000153
0.000278
0.000276
0.000264
0.000081
0.000000
0.000000
0.000000
0.000000
0.000175
0.000126
0.000369
0.000359
0.000111
0.000000
0.000000
0.000000
0.000000
0.000285
0.000035
0.000173
0.000266
0.000140
0.000000
0.000000
0.000000
0.000000
0.000153
0.000278
0.000276
0.000264
0.000081
0.000000
0.000000
0.000000
0.000000
0.005303
0.022642
0.026058
0.012603
0.000998
0.000000
0.000000
0.000000
0.000000
0.000285
0.000035
0.000173
0.000266
0.000140
0.000000
0.000000
0.000000
0.000000
0.000904
0.001264
0.001118
0.000477
0.000006
0.000000
0.000000
0.000000
0.000000
0.000131
0.000102
0.000284
0.000192
0.000013
0.000000
0.000000
0.000000
0.000000
0.000131
0.000188
0.000144
0.000063
0.000000
0.000000
0.000000
0.000000
0.000000
0.000394
0.000078
0.000523
0.000600
0.000215
0.000030
0.000000
0.000000
0.000000
0.000153
0.000047
0.000247
0.000281
0.000104
0.000000
0.000000
0.000000
0.000000
0.000131
0.000188
0.000144
0.000063
0.000000
0.000000
0.000000
0.000000
0.000000
0.000153
0.000024
0.000227
0.000174
0.000013
0.000000
0.000000
0.000000
0.000000
0.000153
0.000047
0.000247
0.000281
0.000104
0.000000
0.000000
0.000000
0.000000
0.000153
0.000012
0.000101
0.000200
0.000104
0.000000
0.000000
0.000000
0.000000
0.000153
0.000024
0.000227
0.000174
0.000013
0.000000
0.000000
0.000000
0.000000
0.000285
0.000059
0.000206
0.000153
0.000042
0.000000
0.000000
0.000000
0.000000
0.000153
0.000012
0.000101
0.000200
0.000104
0.000000
0.000000
0.000000
0.000000
0.000153
0.000180
0.000238
0.000185
0.000032
0.000000
0.000000
0.000000
0.000000
0.000285
0.000059
0.000206
0.000153
0.000042
0.000000
0.000000
0.000000
0.000000
0.000044
0.000176
0.000211
0.000117
0.000000
0.000000
0.000000
0.000000
0.000000
0.000153
0.000180
0.000238
0.000185
0.000032
0.000000
0.000000
0.000000
0.000000
0.000285
0.000090
0.000145
0.000193
0.000098
0.000000
0.000000
0.000000
0.000000
0.000044
0.000176
0.000211
0.000117
0.000000
0.000000
0.000000
0.000000
0.000000
0.063391
0.030021
0.004853
0.001756
0.001530
0.000173
0.000000
0.000000
0.000000
0.000285
0.000090
0.000145
0.000193
0.000098
0.000000
0.000000
0.000000
0.000000
0.041532
0.034720
0.002448
0.000701
0.000707
0.000030
0.000000
0.000000
0.000000
0.063391
0.030021
0.004853
0.001756
0.001530
0.000173
0.000000
0.000000
0.000000
0.045072
0.066711
0.037951
0.001082
0.000016
0.000000
0.000000
0.000000
0.000000
0.041532
0.034720
0.002448
0.000701
0.000707
0.000030
0.000000
0.000000
0.000000
0.047226
0.027496
0.001010
0.000136
0.000019
0.000000
0.000000
0.000000
0.000000
0.045072
0.066711
0.037951
0.001082
0.000016
0.000000
0.000000
0.000000
0.000000
0.005137
0.070674
0.052010
0.002602
0.000659
0.000204
0.000000
0.000000
0.000000
0.047226
0.027496
0.001010
0.000136
0.000019
0.000000
0.000000
0.000000
0.000000
0.028040
0.084544
0.012397
0.000798
0.000293
0.000041
0.000000
0.000000
0.000000
0.005137
0.070674
0.052010
0.002602
0.000659
0.000204
0.000000
0.000000
0.000000
0.000022
0.003170
0.003529
0.000417
0.000006
0.000000
0.000000
0.000000
0.000000
0.028040
0.084544
0.012397
0.000798
0.000293
0.000041
0.000000
0.000000
0.000000
0.028832
0.017108
0.000977
0.000306
0.000068
0.000000
0.000000
0.000000
0.000000
0.000022
0.003170
0.003529
0.000417
0.000006
0.000000
0.000000
0.000000
0.000000
0.000175
0.000126
0.000369
0.000359
0.000111
0.000000
0.000000
0.000000
0.000000
0.028832
0.017108
0.000977
0.000306
0.000068
0.000000
0.000000
0.000000
0.000000
0.000153
0.000078
0.000225
0.000390
0.000270
0.000000
0.000000
0.000000
0.000000
0.000175
0.000126
0.000369
0.000359
0.000111
0.000000
0.000000
0.000000
0.000000
0.000285
0.000035
0.000173
0.000266
0.000140
0.000000
0.000000
0.000000
0.000000
0.000153
0.000078
0.000225
0.000390
0.000270
0.000000
0.000000
0.000000
0.000000
0.000285
0.000176
0.000224
0.000337
0.000205
0.000000
0.000000
0.000000
0.000000
0.000285
0.000035
0.000173
0.000266
0.000140
0.000000
0.000000
0.000000
0.000000
0.000904
0.001264
0.001118
0.000477
0.000006
0.000000
0.000000
0.000000
0.000000
0.000285
0.000176
0.000224
0.000337
0.000205
0.000000
0.000000
0.000000
0.000000
0.000241
0.000035
0.000263
0.000328
0.000140
0.000000
0.000000
0.000000
0.000000
0.000394
0.000078
0.000523
0.000600
0.000215
0.000030
0.000000
0.000000
0.000000
0.000153
0.000047
0.000247
0.000281
0.000104
0.000000
0.000000
0.000000
0.000000
0.000233
0.000850
0.002703
0.037452
0.052552
0.004053
0.000000
0.000000
0.000000
0.000013
0.000763
0.002492
0.009874
0.038446
0.009005
0.000000
0.000000
0.000000
0.000153
0.000047
0.000247
0.000281
0.000104
0.000000
0.000000
0.000000
0.000000
0.000153
0.000012
0.000101
0.000200
0.000104
0.000000
0.000000
0.000000
0.000000
0.000013
0.000763
0.002492
0.009874
0.038446
0.009005
0.000000
0.000000
0.000000
0.000252
0.000252
0.000497
0.002963
0.046677
0.009491
0.000000
0.000000
0.000000
0.000153
0.000012
0.000101
0.000200
0.000104
0.000000
0.000000
0.000000
0.000000
0.000153
0.000180
0.000238
0.000185
0.000032
0.000000
0.000000
0.000000
0.000000
0.000252
0.000252
0.000497
0.002963
0.046677
0.009491
0.000000
0.000000
0.000000
0.003857
0.000035
0.000168
0.001953
0.053138
0.016890
0.000000
0.000000
0.000000
0.000153
0.000180
0.000238
0.000185
0.000032
0.000000
0.000000
0.000000
0.000000
0.000285
0.000090
0.000145
0.000193
0.000098
0.000000
0.000000
0.000000
0.000000
0.003857
0.000035
0.000168
0.001953
0.053138
0.016890
0.000000
0.000000
0.000000
0.000373
0.000012
0.000667
0.011426
0.028813
0.007732
0.000000
0.000000
0.000000
0.000285
0.000090
0.000145
0.000193
0.000098
0.000000
0.000000
0.000000
0.000000
0.041532
0.034720
0.002448
0.000701
0.000707
0.000030
0.000000
0.000000
0.000000
0.000373
0.000012
0.000667
0.011426
0.028813
0.007732
0.000000
0.000000
0.000000
0.043779
0.050020
0.007394
0.005864
0.015806
0.001213
0.000000
0.000000
0.000000
0.041532
0.034720
0.002448
0.000701
0.000707
0.000030
0.000000
0.000000
0.000000
0.047226
0.027496
0.001010
0.000136
0.000019
0.000000
0.000000
0.000000
0.000000
0.043779
0.050020
0.007394
0.005864
0.015806
0.001213
0.000000
0.000000
0.000000
0.052826
0.043047
0.002960
0.002593
0.003791
0.000649
0.000000
0.000000
0.000000
0.047226
0.027496
0.001010
0.000136
0.000019
0.000000
0.000000
0.000000
0.000000
0.028040
0.084544
0.012397
0.000798
0.000293
0.000041
0.000000
0.000000
0.000000
0.052826
0.043047
0.002960
0.002593
0.003791
0.000649
0.000000
0.000000
0.000000
0.059967
0.036961
0.016504
0.002418
0.005325
0.001411
0.000000
0.000000
0.000000
0.028040
0.084544
0.012397
0.000798
0.000293
0.000041
0.000000
0.000000
0.000000
0.028832
0.017108
0.000977
0.000306
0.000068
0.000000
0.000000
0.000000
0.000000
0.059967
0.036961
0.016504
0.002418
0.005325
0.001411
0.000000
0.000000
0.000000
0.034616
0.064114
0.005791
0.000849
0.000298
0.000000
0.000000
0.000000
0.000000
0.028832
0.017108
0.000977
0.000306
0.000068
0.000000
0.000000
0.000000
0.000000
0.000153
0.000078
0.000225
0.000390
0.000270
0.000000
0.000000
0.000000
0.000000
0.034616
0.064114
0.005791
0.000849
0.000298
0.000000
0.000000
0.000000
0.000000
0.000935
0.000162
0.002161
0.002838
0.002854
0.000057
0.000000
0.000000
0.000000
0.000153
0.000078
0.000225
0.000390
0.000270
0.000000
0.000000
0.000000
0.000000
0.000285
0.000176
0.000224
0.000337
0.000205
0.000000
0.000000
0.000000
0.000000
0.000935
0.000162
0.002161
0.002838
0.002854
0.000057
0.000000
0.000000
0.000000
0.000219
0.000271
0.000842
0.002943
0.003674
0.000707
0.000000
0.000000
0.000000
0.000285
0.000176
0.000224
0.000337
0.000205
0.000000
0.000000
0.000000
0.000000
0.000241
0.000035
0.000263
0.000328
0.000140
0.000000
0.000000
0.000000
0.000000
0.000219
0.000271
0.000842
0.002943
0.003674
0.000707
0.000000
0.000000
0.000000
0.000564
0.000708
0.004413
0.005143
0.002925
0.000095
0.000000
0.000000
0.000000
0.000233
0.000850
0.002703
0.037452
0.052552
0.004053
0.000000
0.000000
0.000000
0.000013
0.000763
0.002492
0.009874
0.038446
0.009005
0.000000
0.000000
0.000000
0.005147
0.007571
0.007872
0.017428
0.015464
0.002069
0.000000
0.000000
0.000000
0.005268
0.004613
0.007172
0.015004
0.041809
0.008990
0.000000
0.000000
0.000000
0.000013
0.000763
0.002492
0.009874
0.038446
0.009005
0.000000
0.000000
0.000000
0.000252
0.000252
0.000497
0.002963
0.046677
0.009491
0.000000
0.000000
0.000000
0.005268
0.004613
0.007172
0.015004
0.041809
0.008990
0.000000
0.000000
0.000000
0.002658
0.003420
0.003398
0.016640
0.037245
0.008582
0.000000
0.000000
0.000000
0.000252
0.000252
0.000497
0.002963
0.046677
0.009491
0.000000
0.000000
0.000000
0.003857
0.000035
0.000168
0.001953
0.053138
0.016890
0.000000
0.000000
0.000000
0.002658
0.003420
0.003398
0.016640
0.037245
0.008582
0.000000
0.000000
0.000000
0.004212
0.009866
0.018563
0.025581
0.040531
0.006148
0.000000
0.000000
0.000000
0.003857
0.000035
0.000168
0.001953
0.053138
0.016890
0.000000
0.000000
0.000000
0.000373
0.000012
0.000667
0.011426
0.028813
0.007732
0.000000
0.000000
0.000000
0.004212
0.009866
0.018563
0.025581
0.040531
0.006148
0.000000
0.000000
0.000000
0.002872
0.006626
0.007725
0.019423
0.043055
0.006990
0.000000
0.000000
0.000000
0.000373
0.000012
0.000667
0.011426
0.028813
0.007732
0.000000
0.000000
0.000000
0.043779
0.050020
0.007394
0.005864
0.015806
0.001213
0.000000
0.000000
0.000000
0.002872
0.006626
0.007725
0.019423
0.043055
0.006990
0.000000
0.000000
0.000000
0.000749
0.003055
0.010191
0.016057
0.032552
0.004957
0.000000
0.000000
0.000000
0.043779
0.050020
0.007394
0.005864
0.015806
0.001213
0.000000
0.000000
0.000000
0.052826
0.043047
0.002960
0.002593
0.003791
0.000649
0.000000
0.000000
0.000000
0.000749
0.003055
0.010191
0.016057
0.032552
0.004957
0.000000
0.000000
0.000000
0.004047
0.021269
0.015125
0.006336
0.038072
0.012975
0.000000
0.000000
0.000000
0.052826
0.043047
0.002960
0.002593
0.003791
0.000649
0.000000
0.000000
0.000000
0.059967
0.036961
0.016504
0.002418
0.005325
0.001411
0.000000
0.000000
0.000000
0.004047
0.021269
0.015125
0.006336
0.038072
0.012975
0.000000
0.000000
0.000000
0.001168
0.011465
0.009966
0.009181
0.037224
0.004166
0.000000
0.000000
0.000000
0.059967
0.036961
0.016504
0.002418
0.005325
0.001411
0.000000
0.000000
0.000000
0.034616
0.064114
0.005791
0.000849
0.000298
0.000000
0.000000
0.000000
0.000000
0.001168
0.011465
0.009966
0.009181
0.037224
0.004166
0.000000
0.000000
0.000000
0.006000
0.014911
0.012890
0.019036
0.043274
0.007170
0.000000
0.000000
0.000000
0.034616
0.064114
0.005791
0.000849
0.000298
0.000000
0.000000
0.000000
0.000000
0.000935
0.000162
0.002161
0.002838
0.002854
0.000057
0.000000
0.000000
0.000000
0.006000
0.014911
0.012890
0.019036
0.043274
0.007170
0.000000
0.000000
0.000000
0.000625
0.000829
0.002079
0.013263
0.064098
0.018507
0.000000
0.000000
0.000000
0.000935
0.000162
0.002161
0.002838
0.002854
0.000057
0.000000
0.000000
0.000000
0.000219
0.000271
0.000842
0.002943
0.003674
0.000707
0.000000
0.000000
0.000000
0.000625
0.000829
0.002079
0.013263
0.064098
0.018507
0.000000
0.000000
0.000000
0.000662
0.001263
0.002224
0.007917
0.061396
0.016341
0.000000
0.000000
0.000000
0.000219
0.000271
0.000842
0.002943
0.003674
0.000707
0.000000
0.000000
0.000000
0.000564
0.000708
0.004413
0.005143
0.002925
0.000095
0.000000
0.000000
0.000000
0.000662
0.001263
0.002224
0.007917
0.061396
0.016341
0.000000
0.000000
0.000000
0.000915
0.003342
0.004742
0.010654
0.051632
0.010541
0.000000
0.000000
0.000000
0.005147
0.007571
0.007872
0.017428
0.015464
0.002069
0.000000
0.000000
0.000000
0.005268
0.004613
0.007172
0.015004
0.041809
0.008990
0.000000
0.000000
0.000000
0.014079
0.005333
0.010300
0.007090
0.014764
0.003437
0.000000
0.000000
0.000000
0.005549
0.001527
0.003144
0.009724
0.017782
0.003603
0.000000
0.000000
0.000000
0.005268
0.004613
0.007172
0.015004
0.041809
0.008990
0.000000
0.000000
0.000000
0.002658
0.003420
0.003398
0.016640
0.037245
0.008582
0.000000
0.000000
0.000000
0.005549
0.001527
0.003144
0.009724
0.017782
0.003603
0.000000
0.000000
0.000000
0.007914
0.005166
0.007880
0.013380
0.008182
0.000211
0.000000
0.000000
0.000000
0.002658
0.003420
0.003398
0.016640
0.037245
0.008582
0.000000
0.000000
0.000000
0.004212
0.009866
0.018563
0.025581
0.040531
0.006148
0.000000
0.000000
0.000000
0.007914
0.005166
0.007880
0.013380
0.008182
0.000211
0.000000
0.000000
0.000000
0.025293
0.006194
0.010880
0.015184
0.007987
0.000401
0.000000
0.000000
0.000000
0.004212
0.009866
0.018563
0.025581
0.040531
0.006148
0.000000
0.000000
0.000000
0.002872
0.006626
0.007725
0.019423
0.043055
0.006990
0.000000
0.000000
0.000000
0.025293
0.006194
0.010880
0.015184
0.007987
0.000401
0.000000
0.000000
0.000000
0.004381
0.001445
0.001758
0.006451
0.008447
0.001557
0.000000
0.000000
0.000000
0.002872
0.006626
0.007725
0.019423
0.043055
0.006990
0.000000
0.000000
0.000000
0.000749
0.003055
0.010191
0.016057
0.032552
0.004957
0.000000
0.000000
0.000000
0.004381
0.001445
0.001758
0.006451
0.008447
0.001557
0.000000
0.000000
0.000000
0.016818
0.005340
0.008583
0.006227
0.005651
0.000550
0.000000
0.000000
0.000000
0.000749
0.003055
0.010191
0.016057
0.032552
0.004957
0.000000
0.000000
0.000000
0.004047
0.021269
0.015125
0.006336
0.038072
0.012975
0.000000
0.000000
0.000000
0.016818
0.005340
0.008583
0.006227
0.005651
0.000550
0.000000
0.000000
0.000000
0.014752
0.002709
0.002968
0.006005
0.008867
0.001842
0.000000
0.000000
0.000000
0.004047
0.021269
0.015125
0.006336
0.038072
0.012975
0.000000
0.000000
0.000000
0.001168
0.011465
0.009966
0.009181
0.037224
0.004166
0.000000
0.000000
0.000000
0.014752
0.002709
0.002968
0.006005
0.008867
0.001842
0.000000
0.000000
0.000000
0.011167
0.002951
0.002847
0.003764
0.006556
0.000567
0.000000
0.000000
0.000000
0.001168
0.011465
0.009966
0.009181
0.037224
0.004166
0.000000
0.000000
0.000000
0.006000
0.014911
0.012890
0.019036
0.043274
0.007170
0.000000
0.000000
0.000000
0.011167
0.002951
0.002847
0.003764
0.006556
0.000567
0.000000
0.000000
0.000000
0.009727
0.004061
0.003962
0.003386
0.008219
0.000711
0.000000
0.000000
0.000000
0.006000
0.014911
0.012890
0.019036
0.043274
0.007170
0.000000
0.000000
0.000000
0.000625
0.000829
0.002079
0.013263
0.064098
0.018507
0.000000
0.000000
0.000000
0.009727
0.004061
0.003962
0.003386
0.008219
0.000711
0.000000
0.000000
0.000000
0.014979
0.005059
0.003248
0.004665
0.003754
0.000288
0.000000
0.000000
0.000000
0.000625
0.000829
0.002079
0.013263
0.064098
0.018507
0.000000
0.000000
0.000000
0.000662
0.001263
0.002224
0.007917
0.061396
0.016341
0.000000
0.000000
0.000000
0.014979
0.005059
0.003248
0.004665
0.003754
0.000288
0.000000
0.000000
0.000000
0.004785
0.001103
0.002492
0.003594
0.005251
0.000569
0.000000
0.000000
0.000000
0.000662
0.001263
0.002224
0.007917
0.061396
0.016341
0.000000
0.000000
0.000000
0.000915
0.003342
0.004742
0.010654
0.051632
0.010541
0.000000
0.000000
0.000000
0.004785
0.001103
0.002492
0.003594
0.005251
0.000569
0.000000
0.000000
0.000000
0.006534
0.002532
0.003064
0.002767
0.003532
0.000439
0.000000
0.000000
0.000000
0.014079
0.005333
0.010300
0.007090
0.014764
0.003437
0.000000
0.000000
0.000000
0.005549
0.001527
0.003144
0.009724
0.017782
0.003603
0.000000
0.000000
0.000000
0.031381
0.000000
0.000000
0.000000
0.000000
0.000000
0.000000
0.000000
0.000000
0.012973
0.000000
0.000000
0.000000
0.000000
0.000000
0.000000
0.000000
0.000000
0.005549
0.001527
0.003144
0.009724
0.017782
0.003603
0.000000
0.000000
0.000000
0.007914
0.005166
0.007880
0.013380
0.008182
0.000211
0.000000
0.000000
0.000000
0.012973
0.000000
0.000000
0.000000
0.000000
0.000000
0.000000
0.000000
0.000000
0.015778
0.000000
0.000000
0.000000
0.000000
0.000000
0.000000
0.000000
0.000000
0.007914
0.005166
0.007880
0.013380
0.008182
0.000211
0.000000
0.000000
0.000000
0.025293
0.006194
0.010880
0.015184
0.007987
0.000401
0.000000
0.000000
0.000000
0.015778
0.000000
0.000000
0.000000
0.000000
0.000000
0.000000
0.000000
0.000000
0.057151
0.000000
0.000000
0.000000
0.000000
0.000000
0.000000
0.000000
0.000000
0.025293
0.006194
0.010880
0.015184
0.007987
0.000401
0.000000
0.000000
0.000000
0.004381
0.001445
0.001758
0.006451
0.008447
0.001557
0.000000
0.000000
0.000000
0.057151
0.000000
0.000000
0.000000
0.000000
0.000000
0.000000
0.000000
0.000000
0.009642
0.000000
0.000000
0.000000
0.000000
0.000000
0.000000
0.000000
0.000000
0.004381
0.001445
0.001758
0.006451
0.008447
0.001557
0.000000
0.000000
0.000000
0.016818
0.005340
0.008583
0.006227
0.005651
0.000550
0.000000
0.000000
0.000000
0.009642
0.000000
0.000000
0.000000
0.000000
0.000000
0.000000
0.000000
0.000000
0.037692
0.000000
0.000000
0.000000
0.000000
0.000000
0.000000
0.000000
0.000000
0.016818
0.005340
0.008583
0.006227
0.005651
0.000550
0.000000
0.000000
0.000000
0.014752
0.002709
0.002968
0.006005
0.008867
0.001842
0.000000
0.000000
0.000000
0.037692
0.000000
0.000000
0.000000
0.000000
0.000000
0.000000
0.000000
0.000000
0.030504
0.000000
0.000000
0.000000
0.000000
0.000000
0.000000
0.000000
0.000000
0.014752
0.002709
0.002968
0.006005
0.008867
0.001842
0.000000
0.000000
0.000000
0.011167
0.002951
0.002847
0.003764
0.006556
0.000567
0.000000
0.000000
0.000000
0.030504
0.000000
0.000000
0.000000
0.000000
0.000000
0.000000
0.000000
0.000000
0.026121
0.000000
0.000000
0.000000
0.000000
0.000000
0.000000
0.000000
0.000000
0.011167
0.002951
0.002847
0.003764
0.006556
0.000567
0.000000
0.000000
0.000000
0.009727
0.004061
0.003962
0.003386
0.008219
0.000711
0.000000
0.000000
0.000000
0.026121
0.000000
0.000000
0.000000
0.000000
0.000000
0.000000
0.000000
0.000000
0.024543
0.000000
0.000000
0.000000
0.000000
0.000000
0.000000
0.000000
0.000000
0.009727
0.004061
0.003962
0.003386
0.008219
0.000711
0.000000
0.000000
0.000000
0.014979
0.005059
0.003248
0.004665
0.003754
0.000288
0.000000
0.000000
0.000000
0.024543
0.000000
0.000000
0.000000
0.000000
0.000000
0.000000
0.000000
0.000000
0.036991
0.000000
0.000000
0.000000
0.000000
0.000000
0.000000
0.000000
0.000000
0.014979
0.005059
0.003248
0.004665
0.003754
0.000288
0.000000
0.000000
0.000000
0.004785
0.001103
0.002492
0.003594
0.005251
0.000569
0.000000
0.000000
0.000000
0.036991
0.000000
0.000000
0.000000
0.000000
0.000000
0.000000
0.000000
0.000000
0.011220
0.000000
0.000000
0.000000
0.000000
0.000000
0.000000
0.000000
0.000000
0.004785
0.001103
0.002492
0.003594
0.005251
0.000569
0.000000
0.000000
0.000000
0.006534
0.002532
0.003064
0.002767
0.003532
0.000439
0.000000
0.000000
0.000000
0.011220
0.000000
0.000000
0.000000
0.000000
0.000000
0.000000
0.000000
0.000000
0.013148
0.000000
0.000000
0.000000
0.000000
0.000000
0.000000
0.000000
0.000000
0.031381
0.000000
0.000000
0.000000
0.000000
0.000000
0.000000
0.000000
0.000000
0.012973
0.000000
0.000000
0.000000
0.000000
0.000000
0.000000
0.000000
0.000000
0.031381
0.000000
0.000000
0.000000
0.000000
0.000000
0.000000
0.000000
0.000000
0.012973
0.000000
0.000000
0.000000
0.000000
0.000000
0.000000
0.000000
0.000000
0.012973
0.000000
0.000000
0.000000
0.000000
0.000000
0.000000
0.000000
0.000000
0.015778
0.000000
0.000000
0.000000
0.000000
0.000000
0.000000
0.000000
0.000000
0.012973
0.000000
0.000000
0.000000
0.000000
0.000000
0.000000
0.000000
0.000000
0.015778
0.000000
0.000000
0.000000
0.000000
0.000000
0.000000
0.000000
0.000000
0.015778
0.000000
0.000000
0.000000
0.000000
0.000000
0.000000
0.000000
0.000000
0.057151
0.000000
0.000000
0.000000
0.000000
0.000000
0.000000
0.000000
0.000000
0.015778
0.000000
0.000000
0.000000
0.000000
0.000000
0.000000
0.000000
0.000000
0.057151
0.000000
0.000000
0.000000
0.000000
0.000000
0.000000
0.000000
0.000000
0.057151
0.000000
0.000000
0.000000
0.000000
0.000000
0.000000
0.000000
0.000000
0.009642
0.000000
0.000000
0.000000
0.000000
0.000000
0.000000
0.000000
0.000000
0.057151
0.000000
0.000000
0.000000
0.000000
0.000000
0.000000
0.000000
0.000000
0.009642
0.000000
0.000000
0.000000
0.000000
0.000000
0.000000
0.000000
0.000000
0.009642
0.000000
0.000000
0.000000
0.000000
0.000000
0.000000
0.000000
0.000000
0.037692
0.000000
0.000000
0.000000
0.000000
0.000000
0.000000
0.000000
0.000000
0.009642
0.000000
0.000000
0.000000
0.000000
0.000000
0.000000
0.000000
0.000000
0.037692
0.000000
0.000000
0.000000
0.000000
0.000000
0.000000
0.000000
0.000000
0.037692
0.000000
0.000000
0.000000
0.000000
0.000000
0.000000
0.000000
0.000000
0.030504
0.000000
0.000000
0.000000
0.000000
0.000000
0.000000
0.000000
0.000000
0.037692
0.000000
0.000000
0.000000
0.000000
0.000000
0.000000
0.000000
0.000000
0.030504
0.000000
0.000000
0.000000
0.000000
0.000000
0.000000
0.000000
0.000000
0.030504
0.000000
0.000000
0.000000
0.000000
0.000000
0.000000
0.000000
0.000000
0.026121
0.000000
0.000000
0.000000
0.000000
0.000000
0.000000
0.000000
0.000000
0.030504
0.000000
0.000000
0.000000
0.000000
0.000000
0.000000
0.000000
0.000000
0.026121
0.000000
0.000000
0.000000
0.000000
0.000000
0.000000
0.000000
0.000000
0.026121
0.000000
0.000000
0.000000
0.000000
0.000000
0.000000
0.000000
0.000000
0.024543
0.000000
0.000000
0.000000
0.000000
0.000000
0.000000
0.000000
0.000000
0.026121
0.000000
0.000000
0.000000
0.000000
0.000000
0.000000
0.000000
0.000000
0.024543
0.000000
0.000000
0.000000
0.000000
0.000000
0.000000
0.000000
0.000000
0.024543
0.000000
0.000000
0.000000
0.000000
0.000000
0.000000
0.000000
0.000000
0.036991
0.000000
0.000000
0.000000
0.000000
0.000000
0.000000
0.000000
0.000000
0.024543
0.000000
0.000000
0.000000
0.000000
0.000000
0.000000
0.000000
0.000000
0.036991
0.000000
0.000000
0.000000
0.000000
0.000000
0.000000
0.000000
0.000000
0.036991
0.000000
0.000000
0.000000
0.000000
0.000000
0.000000
0.000000
0.000000
0.011220
0.000000
0.000000
0.000000
0.000000
0.000000
0.000000
0.000000
0.000000
0.036991
0.000000
0.000000
0.000000
0.000000
0.000000
0.000000
0.000000
0.000000
0.011220
0.000000
0.000000
0.000000
0.000000
0.000000
0.000000
0.000000
0.000000
0.011220
0.000000
0.000000
0.000000
0.000000
0.000000
0.000000
0.000000
0.000000
0.013148
0.000000
0.000000
0.000000
0.000000
0.000000
0.000000
0.000000
0.000000
0.011220
0.000000
0.000000
0.000000
0.000000
0.000000
0.000000
0.000000
0.000000
0.013148
0.000000
0.000000
0.000000
0.000000
0.000000
0.000000
0.000000
0.000000
0.031381
0.000000
0.000000
0.000000
0.000000
0.000000
0.000000
0.000000
0.000000
0.012973
0.000000
0.000000
0.000000
0.000000
0.000000
0.000000
0.000000
0.000000
0.027458
0.000000
0.000000
0.000000
0.000000
0.000000
0.000000
0.000000
0.000000
0.011351
0.000000
0.000000
0.000000
0.000000
0.000000
0.000000
0.000000
0.000000
0.012973
0.000000
0.000000
0.000000
0.000000
0.000000
0.000000
0.000000
0.000000
0.015778
0.000000
0.000000
0.000000
0.000000
0.000000
0.000000
0.000000
0.000000
0.011351
0.000000
0.000000
0.000000
0.000000
0.000000
0.000000
0.000000
0.000000
0.013806
0.000000
0.000000
0.000000
0.000000
0.000000
0.000000
0.000000
0.000000
0.015778
0.000000
0.000000
0.000000
0.000000
0.000000
0.000000
0.000000
0.000000
0.057151
0.000000
0.000000
0.000000
0.000000
0.000000
0.000000
0.000000
0.000000
0.013806
0.000000
0.000000
0.000000
0.000000
0.000000
0.000000
0.000000
0.000000
0.050007
0.000000
0.000000
0.000000
0.000000
0.000000
0.000000
0.000000
0.000000
0.057151
0.000000
0.000000
0.000000
0.000000
0.000000
0.000000
0.000000
0.000000
0.009642
0.000000
0.000000
0.000000
0.000000
0.000000
0.000000
0.000000
0.000000
0.050007
0.000000
0.000000
0.000000
0.000000
0.000000
0.000000
0.000000
0.000000
0.008437
0.000000
0.000000
0.000000
0.000000
0.000000
0.000000
0.000000
0.000000
0.009642
0.000000
0.000000
0.000000
0.000000
0.000000
0.000000
0.000000
0.000000
0.037692
0.000000
0.000000
0.000000
0.000000
0.000000
0.000000
0.000000
0.000000
0.008437
0.000000
0.000000
0.000000
0.000000
0.000000
0.000000
0.000000
0.000000
0.032980
0.000000
0.000000
0.000000
0.000000
0.000000
0.000000
0.000000
0.000000
0.037692
0.000000
0.000000
0.000000
0.000000
0.000000
0.000000
0.000000
0.000000
0.030504
0.000000
0.000000
0.000000
0.000000
0.000000
0.000000
0.000000
0.000000
0.032980
0.000000
0.000000
0.000000
0.000000
0.000000
0.000000
0.000000
0.000000
0.026691
0.000000
0.000000
0.000000
0.000000
0.000000
0.000000
0.000000
0.000000
0.030504
0.000000
0.000000
0.000000
0.000000
0.000000
0.000000
0.000000
0.000000
0.026121
0.000000
0.000000
0.000000
0.000000
0.000000
0.000000
0.000000
0.000000
0.026691
0.000000
0.000000
0.000000
0.000000
0.000000
0.000000
0.000000
0.000000
0.022856
0.000000
0.000000
0.000000
0.000000
0.000000
0.000000
0.000000
0.000000
0.026121
0.000000
0.000000
0.000000
0.000000
0.000000
0.000000
0.000000
0.000000
0.024543
0.000000
0.000000
0.000000
0.000000
0.000000
0.000000
0.000000
0.000000
0.022856
0.000000
0.000000
0.000000
0.000000
0.000000
0.000000
0.000000
0.000000
0.021476
0.000000
0.000000
0.000000
0.000000
0.000000
0.000000
0.000000
0.000000
0.024543
0.000000
0.000000
0.000000
0.000000
0.000000
0.000000
0.000000
0.000000
0.036991
0.000000
0.000000
0.000000
0.000000
0.000000
0.000000
0.000000
0.000000
0.021476
0.000000
0.000000
0.000000
0.000000
0.000000
0.000000
0.000000
0.000000
0.032367
0.000000
0.000000
0.000000
0.000000
0.000000
0.000000
0.000000
0.000000
0.036991
0.000000
0.000000
0.000000
0.000000
0.000000
0.000000
0.000000
0.000000
0.011220
0.000000
0.000000
0.000000
0.000000
0.000000
0.000000
0.000000
0.000000
0.032367
0.000000
0.000000
0.000000
0.000000
0.000000
0.000000
0.000000
0.000000
0.009817
0.000000
0.000000
0.000000
0.000000
0.000000
0.000000
0.000000
0.000000
0.011220
0.000000
0.000000
0.000000
0.000000
0.000000
0.000000
0.000000
0.000000
0.013148
0.000000
0.000000
0.000000
0.000000
0.000000
0.000000
0.000000
0.000000
0.009817
0.000000
0.000000
0.000000
0.000000
0.000000
0.000000
0.000000
0.000000
0.011505
0.000000
0.000000
0.000000
0.000000
0.000000
0.000000
0.000000
0.000000
